-1280  0  9.307831E-14  0  1.55487E-9  896.7917
-1270  0  8.559412E-14  0  1.225137E-9  895.7458
-1260  0  7.841904E-14  0  9.673644E-10  894.7022
-1250  0  9.234443E-14  0  7.654842E-10  893.6611
-1240  0  1.374554E-13  0  6.070555E-10  892.6225
-1230  0  2.16939E-13  0  4.824914E-10  891.5862
-1220  0  3.361406E-13  0  3.844404E-10  890.5523
-1210  0  5.033614E-13  0  3.072928E-10  889.5209
-1200  0  7.268177E-13  0  2.467872E-10  888.4918
-1190  0  1.01293E-12  0  1.997042E-10  887.4651
-1180  0  1.366416E-12  0  1.636338E-10  886.4408
-1170  0  1.79251E-12  0  1.36805E-10  885.4188
-1160  0  2.301954E-12  0  1.179679E-10  884.3992
-1150  0  2.91827E-12  0  1.063159E-10  883.3819
-1140  0  3.685036E-12  0  1.014398E-10  882.367
-1130  0  4.669559E-12  0  1.033048E-10  881.3544
-1120  0  5.959406E-12  0  1.122446E-10  880.3441
-1110  0  7.650111E-12  0  1.289734E-10  879.3361
-1100  0  9.82659E-12  0  1.54612E-10  878.3305
-1090  0  1.254548E-11  0  1.907192E-10  877.3271
-1080  0  1.582717E-11  0  2.393068E-10  876.326
-1070  0  1.96625E-11  0  3.028279E-10  875.3273
-1060  0  2.403152E-11  0  3.841473E-10  874.3307
-1050  0  2.892571E-11  0  4.865226E-10  873.3365
-1040  0  3.436582E-11  0  6.135966E-10  872.3445
-1030  0  4.041765E-11  0  7.693568E-10  871.3547
-1020  0  4.72217E-11  0  9.579885E-10  870.3672
-1010  0  5.506263E-11  0  1.183613E-9  869.382
-1000  0  6.450607E-11  0  1.450049E-9  868.399
-990  0  7.662589E-11  0  1.760922E-9  867.4181
-980  0  9.333622E-11  0  2.120484E-9  866.4395
-970  0  1.178214E-10  0  2.535368E-9  865.4631
-960  0  1.55024E-10  0  3.017211E-9  864.4889
-950  0  2.121334E-10  0  3.585901E-9  863.5169
-940  0  2.990865E-10  0  4.273236E-9  862.5471
-930  0  4.292989E-10  0  5.126959E-9  861.5795
-920  0  6.212094E-10  0  6.21533E-9  860.614
-910  0  9.016607E-10  0  7.6326E-9  859.6507
-900  0  1.31259E-9  0  9.50576E-9  858.6895
-890  0  1.92299E-9  0  1.200246E-8  857.7305
-880  0  2.848696E-9  0  1.533945E-8  856.7736
-870  0  4.283241E-9  0  1.979131E-8  855.8189
-860  0  6.542781E-9  0  2.570145E-8  854.8663
-850  0  1.012566E-8  0  3.350036E-8  853.9158
-840  0  1.578131E-8  0  4.373615E-8  852.9674
-830  0  2.457575E-8  0  5.711902E-8  852.0211
-820  0  3.793555E-8  0  7.457866E-8  851.0769
-810  0  5.765295E-8  0  9.734011E-8  850.1348
-800  0  8.584297E-8  0  1.270424E-7  849.1948
-790  0  1.248603E-7  0  1.659419E-7  848.2569
-780  0  1.772075E-7  0  2.172362E-7  847.321
-770  0  2.454871E-7  0  2.855158E-7  846.3872
-760  0  3.324514E-7  0  3.773294E-7  845.4554
-750  0  4.411718E-7  0  5.018778E-7  844.5257
-740  0  5.752989E-7  0  6.719135E-7  843.5981
-730  0  7.3934E-7  0  9.049731E-7  842.6725
-720  0  9.38897E-7  0  1.225091E-6  841.7489
-710  0  1.180895E-6  0  1.665176E-6  840.8273
-700  0  1.473909E-6  0  2.270326E-6  839.9077
-690  0  1.828585E-6  0  3.102439E-6  838.9902
-680  0  2.257868E-6  0  4.246443E-6  838.0747
-670  0  2.776495E-6  0  5.818254E-6  837.1611
-660  0  3.399322E-6  0  7.974507E-6  836.2496
-650  0  4.13864E-6  0  1.092442E-5  835.34
-640  0  5.001495E-6  0  1.494501E-5  834.4324
-630  0  5.988792E-6  0  2.040138E-5  833.5268
-620  0  7.098021E-6  0  2.777362E-5  832.6231
-610  0  8.330745E-6  0  3.769128E-5  831.7214
-600  0  9.705166E-6  0  5.097804E-5  830.8216
-590  0  1.12733E-5  0  6.871321E-5  829.9238
-580  0  1.314071E-5  0  9.231942E-5  829.0279
-570  0  1.54836E-5  0  0.0001236822  828.134
-560  0  1.855378E-5  0.0002389344  0.0001652988  827.242
-550  0  2.266025E-5  0.000197516  0.0002204518  826.3519
-540  0  2.812112E-5  0.0003946023  0.0002934113  825.4637
-530  0  3.519559E-5  9.405369E-5  0.0003896895  824.5774
-520  0  4.402822E-5  0.0003725636  0.0005163704  823.6931
-510  0  5.465567E-5  0.001505649  0.0006825228  822.8106
-500  0  6.712291E-5  0.00133302  0.0008996746  821.93
-490  0  8.173005E-5  0.001569652  0.001182324  821.0513
-480  0  9.939975E-5  0.001161781  0.001548519  820.1745
-470  0  0.0001221372  0.004505488  0.002020644  819.2995
-460  1.372877E-5  0.0001535356  0.005122957  0.002626556  818.4264
-450  6.817001E-5  0.0001992187  0.004398531  0.003401185  817.5552
-440  0.0001315285  0.0002669939  0.006405707  0.004388483  816.6858
-430  0.0002544988  0.0003664053  0.005116441  0.005643563  815.8183
-420  0.000327433  0.000507425  0.006439028  0.007234934  814.9526
-410  0.0005911331  0.0006983204  0.009214663  0.009246946  814.0887
-400  0.0009970195  0.0009432604  0.00872958  0.01178307  813.2267
-390  0.001372944  0.001240688  0.01515111  0.01497125  812.3665
-380  0.001892601  0.001583363  0.01599641  0.01897286  811.5081
-370  0.002496285  0.001960157  0.01726277  0.02399562  810.6515
-360  0.002888074  0.00235906  0.02795014  0.03030816  809.7967
-350  0.0032554  0.002771165  0.04664203  0.03825206  808.9438
-340  0.003611313  0.003196248  0.0495481  0.04824782  808.0926
-330  0.004014283  0.003650311  0.0628036  0.06079423  807.2432
-320  0.004398911  0.004173594  0.09814974  0.07646321  806.3956
-310  0.005155566  0.004834473  0.1151261  0.09588929  805.5498
-300  0.006216496  0.005722463  0.1397998  0.1197457  804.7057
-290  0.007588908  0.0069256  0.1510683  0.1486923  803.8634
-280  0.00957373  0.008494736  0.1441984  0.1832884  803.0229
-270  0.01171683  0.01040521  0.2391655  0.2238867  802.1842
-260  0.01396349  0.01252931  0.2425105  0.2705482  801.3471
-250  0.01607534  0.0146329  0.2374923  0.3229989  800.5119
-240  0.01735231  0.01640994  0.3491865  0.3806  799.6783
-230  0.01793504  0.01756293  0.4340722  0.4422721  798.8465
-220  0.01784987  0.017923  0.5343021  0.5063658  798.0165
-210  0.01731307  0.01758785  0.6754046  0.5705673  797.1881
-200  0.01696949  0.01705088  0.4354362  0.6319584  796.3615
-190  0.01713615  0.01729407  0.5601034  0.6872619  795.5366
-180  0.02019726  0.01980333  0.6698699  0.7331585  794.7134
-170  0.02825471  0.02642902  0.6455735  0.7665049  793.8919
-160  0.04284791  0.03898186  0.9157862  0.7844355  793.0721
-150  0.06674482  0.05850216  0.8895841  0.7846426  792.2539
-140  0.09399228  0.08433135  0.6296554  0.766291  791.4375
-130  0.1250011  0.1134026  0.5352817  0.7316168  790.6228
-120  0.1511707  0.1403437  0.6797831  0.6873602  789.8097
-110  0.1685358  0.158798  0.7819476  0.6445851  788.9983
-100  0.1725896  0.1637943  0.6568096  0.6159925  788.1885
-90  0.160977  0.1544398  0.6137468  0.6114126  787.3805
-80  0.1437161  0.1361422  0.5419625  0.633583  786.574
-70  0.1337327  0.1218925  0.599306  0.6765757  785.7693
-60  0.1502636  0.1320896  0.6371464  0.7281982  784.9661
-50  0.2287607  0.1913313  0.6834795  0.7757011  784.1647
-40  0.3695646  0.3193381  0.830061  0.8118357  783.3648
-30  0.5583885  0.5150481  0.7653687  0.8374966  782.5666
-20  0.7792172  0.741349  0.8323988  0.8593596  781.77
-10  0.9464042  0.9274468  0.7975953  0.8845441  780.975
0  1  1  1  0.9159369  780.1816
10  0.9258162  0.9274468  0.7140602  0.9505165  779.3899
20  0.7415178  0.741349  0.674227  0.9809438  778.5997
30  0.5099935  0.5150481  0.8072629  0.999193  777.8112
40  0.314841  0.3193381  0.8179099  1  777.0242
50  0.1936271  0.1913313  0.7387372  0.982109  776.2389
60  0.1375469  0.1320896  0.8809603  0.9471941  775.4551
70  0.1310781  0.1218925  0.893951  0.8982067  774.6729
80  0.1511517  0.1361422  0.9415609  0.8387177  773.8923
90  0.1723831  0.1544398  0.7536486  0.7731934  773.1133
100  0.180524  0.1637943  0.664721  0.7071212  772.3358
110  0.1717666  0.158798  0.6270405  0.6462526  771.5599
120  0.1508537  0.1403437  0.4414227  0.595165  770.7855
130  0.1223248  0.1134026  0.475421  0.5559283  770.0127
140  0.08731797  0.08433135  0.46062  0.5276609  769.2414
150  0.0608963  0.05850216  0.459232  0.5072927  768.4717
160  0.04296796  0.03898186  0.4952305  0.4911519  767.7036
170  0.02921276  0.02642902  0.447779  0.476478  766.9369
180  0.02221392  0.01980333  0.4846063  0.4620659  766.1718
190  0.01960808  0.01729407  0.561938  0.447915  765.4082
200  0.01911404  0.01705088  0.5554345  0.4343922  764.6462
210  0.01957061  0.01758785  0.5061603  0.4215397  763.8856
220  0.02001136  0.017923  0.3772387  0.4088461  763.1266
230  0.01952324  0.01756293  0.3031101  0.3954235  762.369
240  0.01846513  0.01640994  0.3232238  0.3803427  761.613
250  0.016686  0.0146329  0.3232014  0.3628993  760.8585
260  0.01437493  0.01252931  0.3246979  0.3427309  760.1054
270  0.01183566  0.01040521  0.2764937  0.3198304  759.3539
280  0.009841225  0.008494736  0.296956  0.2945323  758.6038
290  0.008006868  0.0069256  0.2828997  0.2674915  757.8552
300  0.006728902  0.005722463  0.221949  0.2396259  757.1081
310  0.006054014  0.004834473  0.2255808  0.2119934  756.3625
320  0.005238675  0.004173594  0.1876066  0.1856176  755.6183
330  0.004493975  0.003650311  0.1430246  0.1613203  754.8756
340  0.004243692  0.003196248  0.1221167  0.1396152  754.1344
350  0.003899566  0.002771165  0.108948  0.1206914  753.3946
360  0.003493037  0.00235906  0.09069141  0.1044688  752.6562
370  0.003040163  0.001960157  0.08130198  0.09069042  751.9193
380  0.002601451  0.001583363  0.07882194  0.07901393  751.1839
390  0.002073126  0.001240688  0.06408256  0.06908338  750.4499
400  0.00175397  0.0009432604  0.06310165  0.06057396  749.7173
410  0.001309159  0.0006983204  0.05987048  0.0532137  748.9861
420  0.0008588158  0.000507425  0.04875745  0.04678802  748.2564
430  0.0005313589  0.0003664053  0.03957766  0.04113364  747.5281
440  0.0003154787  0.0002669939  0.03128833  0.0361276  746.8012
450  0.0001868588  0.0001992187  0.02703753  0.031676  746.0757
460  0.0001093818  0.0001535356  0.02575633  0.02770566  745.3516
470  5.866349E-5  0.0001221372  0.02522089  0.0241592  744.629
480  1.463218E-5  9.939975E-5  0.02020677  0.02099217  743.9077
490  0  8.173005E-5  0.01743197  0.01817049  743.1878
500  0  6.712291E-5  0.01469749  0.01566726  742.4693
510  0  5.465567E-5  0.01178463  0.01345942  741.7522
520  0  4.402822E-5  0.01068599  0.011525  741.0365
530  0  3.519559E-5  0.009276795  0.009841772  740.3222
540  0  2.812112E-5  0.007623253  0.008386873  739.6093
550  0  2.266025E-5  0.009391594  0.007137122  738.8977
560  0  1.855378E-5  0.006636335  0.006069462  738.1875
570  0  1.54836E-5  0.005671272  0.005161384  737.4786
580  0  1.314071E-5  0.004965427  0.004391342  736.7711
590  0  1.12733E-5  0.00442055  0.003739181  736.065
600  0  9.705166E-6  0.004678832  0.003186552  735.3602
610  0  8.330745E-6  0.002916174  0.00271725  734.6568
620  0  7.098021E-6  0.00323843  0.00231741  733.9547
630  0  5.988792E-6  0.003721755  0.001975516  733.2539
640  0  5.001495E-6  0.002653838  0.001682236  732.5545
650  0  4.13864E-6  0.002483056  0.001430113  731.8564
660  0  3.399322E-6  0.00259383  0.001213185  731.1597
670  0  2.776495E-6  0.00128842  0.001026614  730.4643
680  0  2.257868E-6  0.0009857792  0.0008663772  729.7702
690  0  1.828585E-6  0.001283274  0.0007290514  729.0774
700  0  1.473909E-6  0.001604845  0.0006116729  728.3859
710  0  1.180895E-6  0.001003493  0.0005116555  727.6957
720  0  9.38897E-7  0.001256796  0.0004267338  727.0069
730  0  7.3934E-7  0.000427391  0.0003549154  726.3193
740  0  5.752989E-7  0.0007491236  0.000294438  725.6331
750  0  4.411718E-7  0  0.0002437328  724.9481
760  0  3.324514E-7  0  0.0002013999  724.2645
770  0  2.454871E-7  0  0.0001661916  723.5821
780  0  1.772075E-7  0  0.0001370041  722.901
790  0  1.248603E-7  0  0.0001128703  722.2212
800  0  8.584297E-8  0  9.29529E-5  721.5427
810  0  5.765295E-8  0  7.653572E-5  720.8654
820  0  3.793555E-8  0  6.301311E-5  720.1894
830  0  2.457575E-8  0  5.187788E-5  719.5147
840  0  1.578131E-8  0  4.270848E-5  718.8412
850  0  1.012566E-8  0  3.515637E-5  718.169
860  0  6.542781E-9  0  2.89344E-5  717.4981
870  0  4.283241E-9  0  2.380658E-5  716.8284
880  0  2.848696E-9  0  1.957921E-5  716.1599
890  0  1.92299E-9  0  1.60933E-5  715.4927
900  0  1.31259E-9  0  1.321828E-5  714.8268
910  0  9.016607E-10  0  1.084678E-5  714.1621
920  0  6.212094E-10  0  8.890498E-6  713.4986
930  0  4.292989E-10  0  7.276951E-6  712.8363
940  0  2.990865E-10  0  5.946687E-6  712.1753
950  0  2.121334E-10  0  4.85096E-6  711.5155
960  0  1.55024E-10  0  3.949676E-6  710.857
970  0  1.178214E-10  0  3.20969E-6  710.1996
980  0  9.333622E-11  0  2.603442E-6  709.5435
990  0  7.662589E-11  0  2.107924E-6  708.8885
1000  0  6.450607E-11  0  1.703885E-6  708.2348
1010  0  5.506263E-11  0  1.375212E-6  707.5823
1020  0  4.72217E-11  0  1.108439E-6  706.931
1030  0  4.041765E-11  0  8.923359E-7  706.2808
1040  0  3.436582E-11  0  7.175782E-7  705.6319
1050  0  2.892571E-11  0  5.764631E-7  704.9842
1060  0  2.403152E-11  0  4.626567E-7  704.3376
1070  0  1.96625E-11  0  3.709721E-7  703.6923
1080  0  1.582717E-11  0  2.971749E-7  703.0481
1090  0  1.254548E-11  0  2.378185E-7  702.4051
1100  0  9.82659E-12  0  1.901063E-7  701.7633
1110  0  7.650111E-12  0  1.517759E-7  701.1226
1120  0  5.959406E-12  0  1.210018E-7  700.4831
1130  0  4.669559E-12  0  9.631359E-8  699.8448
1140  0  3.685036E-12  0  7.652698E-8  699.2077
1150  0  2.91827E-12  0  6.068829E-8  698.5717
1160  0  2.301954E-12  0  4.802908E-8  697.9368
1170  0  1.79251E-12  0  3.792983E-8  697.3031
1180  0  1.366416E-12  0  2.98907E-8  696.6706
1190  0  1.01293E-12  0  2.350787E-8  696.0392
1200  0  7.268177E-13  0  1.845453E-8  695.4089
1210  0  5.033614E-13  0  1.446578E-8  694.7798
1220  0  3.361406E-13  0  1.13268E-8  694.1519
1230  0  2.16939E-13  0  8.863576E-9  693.525
1240  0  1.374554E-13  0  6.935435E-9  692.8993
1250  0  9.234443E-14  0  5.429146E-9  692.2747
1260  0  7.841904E-14  0  4.254003E-9  691.6513
1270  0  8.559412E-14  0  3.337794E-9  691.029
