128  128
0.0  1895.974
351.8879
352.534
353.1825
353.8334
354.4866
355.1423
355.8004
356.461
357.124
357.7895
358.4575
359.128
359.801
360.4765
361.1546
361.8352
362.5184
363.2041
363.8925
364.5835
365.2771
365.9734
366.6723
367.3739
368.0782
368.7852
369.4949
370.2073
370.9225
371.6405
372.3612
373.0848
373.8112
374.5404
375.2724
376.0073
376.7451
377.4859
378.2295
378.976
379.7256
380.478
381.2335
381.992
382.7535
383.518
384.2857
385.0563
385.8301
386.607
387.3871
388.1702
388.9566
389.7462
390.5389
391.3349
392.1342
392.9367
393.7425
394.5516
395.3641
396.1799
396.9991
397.8217
398.6476
399.4771
400.31
401.1463
401.9862
402.8296
403.6765
404.5271
405.3812
406.2389
407.1002
407.9652
408.8339
409.7063
410.5825
411.4624
412.346
413.2335
414.1248
415.02
415.919
416.822
417.7288
418.6396
419.5544
420.4733
421.3961
422.323
423.254
424.1891
425.1283
426.0717
427.0194
427.9712
428.9273
429.8876
430.8523
431.8213
432.7947
433.7725
434.7547
435.7414
436.7325
437.7282
438.7285
439.7333
440.7427
441.7568
442.7755
443.799
444.8272
445.8601
446.8979
447.9405
448.988
450.0404
451.0978
452.1601
453.2275
454.2999
455.3774
456.46
457.5478
458.6407
-320
-315
-310
-305
-300
-295
-290
-285
-280
-275
-270
-265
-260
-255
-250
-245
-240
-235
-230
-225
-220
-215
-210
-205
-200
-195
-190
-185
-180
-175
-170
-165
-160
-155
-150
-145
-140
-135
-130
-125
-120
-115
-110
-105
-100
-95
-90
-85
-80
-75
-70
-65
-60
-55
-50
-45
-40
-35
-30
-25
-20
-15
-10
-5
0
5
10
15
20
25
30
35
40
45
50
55
60
65
70
75
80
85
90
95
100
105
110
115
120
125
130
135
140
145
150
155
160
165
170
175
180
185
190
195
200
205
210
215
220
225
230
235
240
245
250
255
260
265
270
275
280
285
290
295
300
305
310
315
0
0
0
0
0
0
0
0
0
0
0
0
0
0
0
0
0
0
0
0
0
0
0
0
0
0
0
0
0
0
0
0
0
0
0
0
0
0
0
0
0
0
0
0
0
0
0
0
0
0
0
0
0
0
0
0
0
0
0
0
0
0
0
0
0
0
0
0
0
0
0
0
0
0
0
0
0
0
0
0
0
0
0
0
0
0
0
0
0
0
0
0
0
0
0
0
0
0
0
0
0
0
0
0
0
0
0
0
0
0
0
0
0
0
0
0
0
0
0
0
0
0
0
0
0
0
0
0
0
0
0
0
0
0
0
0
0
0
0
0
0
0
0
0
0
0
0
0
0
0
0
0
0
0
0
0
0
0
0
0
0
0
0
0
0
0
0
0
0
0
0
0
0
0
0
0
0
0
0
0
0
0
0
0
0
0
0
0
0
0
0
0
0
0
0
0
0
0
0
0
0
0
0
0
0
0
0
0
0
0
0
0
0
0
0
0
0
0
0
0
0
0
0
0
0
0
0
0
0
0
0
0
0
0
0
0
0
0
0
0
0
0
0
0
0
0
0
0
0
0
0
0
0
0
0
0
0
0
0
0
0
0
0
0
0
0
0
0
0
0
0
0
0
0
0
0
0
0
0
0
0
0
0
0
0
0
0
0
0
0
0
0
0
0
0
0
0
0
0
0
0
0
0
0
0
0
0
0
0
0
0
0
0
0
0
0
0
0
0
0
0
0
0
0
0
0
0
0
0
0
0
0
0
0
0
0
0
0
0
0
0
0
0
0
0
0
0
0
0
0
0
0
0
0
0
0
0
0
0
0
0
0
0
0
0
0
0
0
0
0
0
0
0
0
0
0
0
0
0
0
0
0
0
0
0
0
0
0
0
0
0
0
0
0
0
0
0
0
0
0
0
0
0
0
0
0
0
0
0
0
0
0
0
0
0
0
0
0
0
0
0
0
0
0
0
0
0
0
0
0
0
0
0
0
0
0
0
0
0
0
0
0
0
0
0
0
0
0
0
0
0
0
0
0
0
0
0
0
0
0
0
0
0
0
0
0
0
0
0
0
0
0
0
0
0
0
0
0
0
0
0
0
0
0
0
0
0
0
0
0
0
0
0
0
0
0
0
0
0
0
0
0
0
0
0
0
0
0
0
0
0
0
0
0
0
0
0
0
0
0
0
0
0
0
0
0
0
0
0
0
0
0
0
0
0
0
0
0
0
0
0
0
0
0
0
0
0
0
0
0
0
0
0
0
0
0
0
0
0
0
0
0
0
0
0
0
0
0
0
0
0
0
0
0
0
0
0
0
0
0
0
0
0
0
0
0
0
0
0
0
0
0
0
0
0
0
0
0
0
0
0
0
0
0
0
0
0
0
0
0
0
0
0
0
0
0
0
0
0
0
0
0
0
0
0
0
0
0
0
0
0
0
0
0
0
0
0
0
0
0
0
0
0
0
0
0
0
0
0
0
0
0
0
0
0
0
0
0
0
0
0
0
0
0
0
0
0
0
0
0
0
0
0
0
0
0
0
0
0
0
0
0
0
0
0
0
0
0
0
0
0
0
0
0
0
0
0
0
0
0
0
0
0
0
0
0
0
0
0
0
0
0
0
0
0
0
0
0
0
0
0
0
0
0
0
0
0
0
0
0
0
0
0
0
0
0
0
0
0
0
0
0
0
0
0
0
0
0
0
0
0
0
0
0
0
0
0
0
0
0
0
0
0
0
0
0
0
0
0
0
0
0
0
0
0
0
0
0
0
0
0
0
0
0
0
0
0
0
0
0
0
0
0
0
0
0
0
0
0
0
0
0
0
0
0
0
0
0
0
0
0
0
0
0
0
0
0
0
0
0
0
0
0
0
0
0
0
0
0
0
0
0
0
0
0
0
0
0
0
0
0
0
0
0
0
0
0
0
0
0
0
0
0
0
0
0
0
0
0
0
0
0
0
0
0
0
0
0
0
0
0
0
0
0
0
0
0
0
0
0
0
0
0
0
0
0
0
0
0
0
0
0
0
0
0
0
0
0
0
0
0
0
0
0
0
0
0
0
0
0
0
0
0
0
0
0
0
0
0
0
0
0
0
0
0
0
0
0
0
0
0
0
0
0
0
0
0
0
0
0
0
0
0
0
0
0
0
0
0
0
0
0
0
0
0
0
0
0
0
0
0
0
0
0
0
0
0
0
0
0
0
0
0
0
0
0
0
0
0
0
0
0
0
0
0
0
0
0
0
0
0
0
0
0
0
0
0
0
0
0
0
0
0
0
0
0
0
0
0
0
0
0
0
0
0
0
0
0
0
0
0
0
0
0
0
0
0
0
0
0
0
0
0
0
0
0
0
0
0
0
0
0
0
0
0
0
0
0
0
0
0
0
0
0
0
0
0
0
0
0
0
0
0
0
0
0
0
0
0
0
0
0
0
0
0
0
0
0
0
0
0
0
0
0
0
0
0
0
0
0
0
0
0
0
0
0
0
0
0
0
0
0
0
0
0
0
0
0
0
0
0
0
0
0
0
0
0
0
0
0
0
0
0
0
0
0
0
0
0
0
0
0
0
0
0
0
0
0
0
0
0
0
0
0
0
0
0
0
0
0
0
0
0
0
0
0
0
0
0
0
0
0
0
0
0
0
0
0
0
0
0
0
0
0
0
0
0
0
0
0
0
0
0
0
0
0
0
0
0
0
0
0
0
0
0
0
0
0
0
0
0
0
0
0
0
0
0
0
0
0
0
0
0
0
0
0
0
0
0
0
0
0
0
0
0
0
0
0
0
0
0
0
0
0
0
0
0
0
0
0
0
0
0
0
0
0
0
0
0
0
0
0
0
0
0
0
0
0
0
0
0
0
0
0
0
0
0
0
0
0
0
0
0
0
0
0
0
0
0
0
0
0
0
0
0
0
0
0
0
0
0
0
0
0
0
0
0
0
0
0
0
0
0
0
0
0
0
0
0
0
0
0
0
0
0
0
0
0
0
0
0
0
0
0
0
0
0
0
0
0
0
0
0
0
0
0
0
0
0
0
0
0
0
0
0
0
0
0
0
0
0
0
0
0
0
0
0
0
0
0
0
0
0
0
0
0
0
0
0
0
0
0
0
0
0
0
0
0
0
0
0
0
0
0
0
0
0
0
0
0
0
0
0
0
0
0
0
0
0
0
0
0
0
0
0
0
0
0
0
0
0
0
0
0
0
0
0
0
0
0
0
0
0
0
0
0
0
0
0
0
0
0
0
0
0
0
0
0
0
0
0
0
0
0
0
0
0
0
0
0
0
0
0
0
0
0
0
0
0
0
0
0
0
0
0
0
0
0
0
0
0
0
0
0
0
0
0
0
0
0
0
0
0
0
0
0
0
0
0
0
0
0
0
0
0
0
0
0
0
0
0
0
0
0
0
0
0
0
0
0
0
0
0
0
0
0
0
0
0
0
0
0
0
0
0
0
0
0
0
0
0
0
0
0
0
0
0
0
0
0
0
0
0
0
0
0
0
0
0
0
0
0
0
0
0
0
0
0
0
0
0
0
0
0
0
0
0
0
0
0
0
0
0
0
0
0
0
0
0
0
0
0
0
0
0
0
0
0
0
0
0
0
0
0
0
0
0
0
0
0
0
0
0
0
0
0
0
0
0
0
0
0
0
0
0
0
0
0
0
0
0
0
0
0
0
0
0
0
0
0
0
0
0
0
0
0
0
0
0
0
0
0
0
0
0
0
0
0
0
0
0
0
0
0
0
0
0
0
0
0
0
0
0
0
0
0
0
0
0
0
0
0
0
0
0
0
0
0
0
0
0
0
0
0
0
0
0
0
0
0
0
0
0
0
0
0
0
0
0
0
0
0
0
0
0
0
0
0
0
0
0
0
0
0
0
0
0
0
0
0
0
0
0
0
0
0
0
0
0
0
0
0
0
0
0
0
0
0
0
0
0
0
0
0
0
0
0
0
0
0
0
0
0
0
0
0
0
0
0
0
0
0
0
0
0
0
0
0
0
0
0
0
0
0
0
0
0
0
0
0
0
0
0
0
0
0
0
0
0
0
0
0
0
0
0
0
0
0
0
0
0
0
0
0
0
0
0
0
0
0
0
0
0
0
0
0
0
0
0
0
0
0
0
0
0
0
0
0
0
0
0
0
0
0
0
0
0
0
0
0
0
0
0
0
0
0
0
0
0
0
0
0
0
0
0
0
0
0
0
0
0
0
0
0
0
0
0
0
0
0
0
0
0
0
0
0
0
0
0
0
0
0
0
0
0
0
0
0
0
0
0
0
0
0
0
0
0
0
0
0
0
0
0
0
0
0
0
0
0
0
0
0
0
0
0
0
0
0
0
0
0
0
0
0
0
0
0
0
0
0
0
0
0
0
0
0
0
0
0
0
0
0
0
0
0
0
0
0
0
0
0
0
0
0
0
0
0
0
0
0
0
0
0
0
0
0
0
0
0
0
0
0
0
0
0
0
0
0
0
0
0
0
0
0
0
0
0
0
0
0
0
0
0
0
0
0
0
0
0
0
0
0
0
0
0
0
0
0
0
0
0
0
0
0
0
0
0
0
0
0
0
0
0
0
0
0
0
0
0
0
0
0
0
0
0
0
0
0
0
0
0
0
0
0
0
0
0
0
0
0
0
0
0
0
0
0
0
0
0
0
0
0
0
0
0
0
0
0
0
0
0
0
0
0
0
0
0
0
0
0
0
0
0
0
0
0
0
0
0
0
0
0
0
0
0
0
0
0
0
0
0
0
0
0
0
0
0
0
0
0
0
0
0
0
0
0
0
0
0
0
0
0
0
0
0
0
0
0
0
0
0
0
0
0
0
0
0
0
0
0
0
0
0
0
0
0
0
0
0
0
0
0
0
0
0
0
0
0
0
0
0
0
0
0
0
0
0
0
0
0
0
0
0
0
0
0
0
0
0
0
0
0
0
0
0
0
0
0
0
0
0
0
0
0
0
0
0
0
0
0
0
0
0
0
0
0
0
0
0
0
0
0
0
0
0
0
0
0
0
0
0
0
0
0
0
0
0
0
0
0
0
0
0
0
0
0
0
0
0
0
0
0
0
0
0
0
0
0
0
0
0
0
0
0
0
0
0
0
0
0
0
0
0
0
0
0
0
0
0
0
0
0
0
0
0
0
0
0
0
0
0
0
0
0
0
0
0
0
0
0
0
0
0
0
0
0
0
0
0
0
0
0
0
0
0
0
0
0
0
0
0
0
0
0
0
0
0
0
0
0
0
0
0
0
0
0
0
0
0
0
0
0
0
0
0
0
0
0
0
0
0
0
0
0
0
0
0
0
0
0
0
0
0
0
0
0
0
0
0
0
0
0
0
0
0
0
0
0
0
0
0
0
0
0
0
0
0
0
0
0
0
0
0
0
0
0
0
0
0
0
0
0
0
0
0
0
0
0
0
0
0
0
0
0
0
0
0
0
0
0
0
0
0
0
0
0
0
0
0
0
0
0
0
0
0
0
0
0
0
0
0
0
0
0
0
0
0
0
0
0
0
0
0
0
0
0
0
0
0
0
0
0
0
0
0
0
0
0
0
0
0
0
0
0
0
0
0
0
0
0
0
0
0
0
0
0
0
0
0
0
0
0
0
0
0
0
0
0
0
0
0
0
0
0
0
0
0
0
0
0
0
0
0
0
0
0
0
0
0
0
0
0
0
0
0
0
0
0
0
0
0
0
0
0
0
0
0
0
0
0
0
0
0
0
0
0
0
0
0
0
0
0
0
0
0
0
0
0
0
0
0
0
0
0
0
0
0
0
0
0
0
0
0
0
0
0
0
0
0
0
0
0
0
0
0
0
0
0
0
0
0
0
0
0
0
0
0
0
0
0
0
0
0
0
0
0
0
0
0
0
0
0
0
0
0
0
0
0
0
0
0
0
0
0
0
0
0
0
0
0
0
0
0
0
0
0
0
0
0
0
0
0
0
0
0
0
0
0
0
0
0
0
0
0
0
0
0
0
0
0
0
0
0
0
0
0
0
0
0
0
0
0
0
0
0
0
0
0
0
0
0
0
0
0
0
0
0
0
0
0
0
0
0
0
0
0
0
0
0
0
0
0
0
0
0
0
0
0
0
0
0
0
0
0
0
0
0
0
0
0
0
0
0
0
0
0
0
0
0
0
0
0
0
0
0
0
0
0
0
0
0
0
0
0
0
0
0
0
0
0
0
0
0
0
0
0
0
0
0
0
0
0
0
0
0
0
0
0
0
0
0
0
0
0
0
0
0
0
0
0
0
0
0
0
0
0
0
0
0
0
0
0
0
0
0
0
0
0
0
0
0
0
0
0
0
0
0
0
0
0
0
0
0
0
0
0
0
0
0
0
0
0
0
0
0
0
0
0
0
0
0
0
0
0
0
0
0
0
0
0
0
0
0
0
0
0
0
0
0
0
0
0
0
0
0
0
0
0
0
0
0
0
0
0
0
0
0
0
0
0
0
0
0
0
0
0
0
0
0
0
0
0
0
0
0
0
0
0
0
0
0
0
0
0
0
0
0
0
0
0
0
0
0
0
0
0
0
0
0
0
0
0
0
0
0
0
0
0
0
0
0
0
0
0
0
0
0
0
0
0
0
0
0
0
0
0
0
0
0
0
0
0
0
0
0
0
0
0
0
0
0
0
0
0
0
0
0
0
0
0
0
0
0
0
0
0
0
0
0
0
0
0
0
0
0
0
0
0
0
0
0
0
0
0
0
0
0
0
0
0
0
0
0
0
0
0
0
0
0
0
0
0
0
0
0
0
0
0
0
0
0
0
0
0
0
0
0
0
0
0
0
0
0
0
0
0
0
0
0
0
0
0
0
0
0
0
0
0
0
0
0
0
0
0
0
0
0
0
0
0
0
0
0
0
0
0
0
0
0
0
0
0
0
0
0
0
0
0
0
0
0
0
0
0
0
0
0
0
0
0
0
0
0
0
0
0
0
0
0
0
0
0
0
0
0
0
0
0
0
0
0
0
0
0
0
0
0
0
0
0
0
0
0
0
0
0
0
0
0
0
0
0
0
0
0
0
0
0
0
0
0
0
0
0
0
0
0
0
0
0
0
0
0
0
0
0
0
0
0
0
0
0
0
0
0
0
0
0
0
0
0
0
0
0
0
0
0
0
0
0
0
0
0
0
0
0
0
0
0
0
0
0
0
0
0
0
0
0
0
0
0
0
0
0
0
0
0
0
0
0
0
0
0
0
0
0
0
0
0
0
0
0
0
0
0
0
0
0
0
0
0
0
0
0
0
0
0
0
0
0
0
0
0
0
0
0
0
0
0
0
0
0
0
0
0
0
0
0
0
0
0
0
0
0
0
0
0
0
0
0
0
0
0
0
0
0
0
0
0
0
0
0
0
0
0
0
0
0
0
0
0
0
0
0
0
0
0
0
0
0
0
0
0
0
0
0
0
0
0
0
0
0
0
0
0
0
0
0
0
0
0
0
0
0
0
0
0
0
0
0
0
0
0
0
0
0
0
0
0
0
0
0
0
0
0
0
0
0
0
0
0
0
0
0
0
0
0
0
0
0
0
0
0
0
0
0
0
0
0
0
0
0
0
0
0
0
0
0
0
0
0
0
0
0
0
0
0
0
0
0
0
0
0
0
0
0
0
0
0
0
0
0
0
0
0
0
0
0
0
0
0
0
0
0
0
0
0
0
0
0
0
0
0
0
0
0
0
0
0
0
0
0
0
0
0
0
0
0
0
0
0
0
0
0
0
0
0
0
0
0
0
0
0
0
0
0
0
0
0
0
0
0
0
0
0
0
0
0
0
0
0
0
0
0
0
0
0
0
0
0
0
0
0
0
0
0
0
0
0
0
0
0
0
0
0
0
0
0
0
0
0
0
0
0
0
0
0
0
0
0
0
0
0
0
0
0
0
0
0
0
0
0
0
0
0
0
0
0
0
0
0
0
0
0
0
0
0
0
0
0
0
0
0
0
0
0
0
0
0
0
0
0
0
0
0
0
0
0
0
0
0
0
0
0
0
0
0
0
0
0
0
0
0
0
0
0
0
0
0
0
0
0
0
0
0
0
0
0
0
0
0
0
0
0
0
0
0
0
0
0
0
0
0
0
0
0
0
0
0
0
0
0
0
0
0
0
0
0
0
0
0
0
0
0
0
0
0
0
0
0
0
0
0
0
0
0
0
0
0
0
0
0
0
0
0
0
0
0
0
0
0
0
0
0
0
0
0
0
0
0
0
0
0
0
0
0
0
0
0
0
0
0
0
0
0
0
0
0
0
0
0
0
0
0
0
0
0
0
0
0
0
0
0
0
0
0
0
0
0
0
0
0
0
0
0
0
0
0
0
0
0
0
0
0
0
0
0
0
0
0
0
0
0
0
0
0
0
0
0
0
0
0
0
0
0
0
0
0
0
0
0
0
0
0
0
0
0
0
0
0
0
0
0
0
0
0
0
0
0
0
0
0
0
0
0
0
0
0
0
0
0
0
0
0
0
0
0
0
0
0
0
0
0
0
0
0
0
0
0
0
0
0
0
0
0
0
0
0
0
0
0
0
0
0
0
0
0
0
0
0
0
0
0
0
0
0
0
0
0
0
0
0
0
0
0
0
0
0
0
0
0
0
0
0
0
0
0
0
0
0
0
0
0
0
0
0
0
0
0
0
0
0
0
0
0
0
0
0
0
0
0
0
0
0
0
0
0
0
0
0
0
0
0
0
0
0
0
0
0
0
0
0
0
0
0
0
0
0
0
0
0
0
0
0
0
0
0
0
0
0
0
0
0
0
0
0
0
0
0
0
0
0
0
0
0
0
0
0
0
0
0
0
0
0
0
0
0
0
0
0
0
0
0
0
0
0
0
0
0
0
0
0
0
0
0
0
0
0
0
0
0
0
0
0
0
0
0
0
0
0
0
0
0
0
0
0
0
0
0
0
0
0
0
0
0
0
0
0
0
0
0
0
0
0
0
0
0
0
0
0
0
0
0
0
0
0
0
0
0
0
0
0
0
0
0
0
0
0
0
0
0
0
0
0
0
0
0
0
0
0
0
0
0
0
0
0
0
0
0
0
0
0
0
0
0
0
0
0
0
0
0
0
0
0
0
0
0
0
0
0
0
0
0
0
0
0
0
0
0
0
0
0
0
0
0
0
0
0
0
0
0
0
0
0
0
0
0
0
0
0
0
0
0
0
0
0
0
0
0
0
0
0
0
0
0
0
0
0
0
0
0
0
0
0
0
0
0
0
0
0
0
0
0
0
0
0
0
0
0
0
0
0
0
0
0
0
0
0
0
0
0
0
0
0
0
0
0
0
0
0
0
0
0
0
0
0
0
0
0
0
0
0
0
0
0
0
0
0
0
0
0
0
0
0
0
0
0
0
0
0
0.2015522
1.889004
2.235768
1.797879
2.538961
1.318888
0.1471735
0
0
0
0
0
0
0
0
0
0
0
0
0
0
0
0
0
0
0
0
0
0
0
0
0
0
0
0
0
0
0
0
0
0
0
0
0
0
0
0
0
0
0
0
0
0
0
0
0
0
0
0
0
0
0
0
0
0
0
0
0
0
0
0
0
0
0
0
0
0
0
0
0
0
0
0
0
0
0
0
0
0
0
0
0
0
0
0
0
0
0
0
0
0
0
0
0
0
0
0
0
0
0
0
0
0
0
0
0
0
0
0
0
0
0
0
0
0
0
0
0
0.3980834
4.228508
2.121041
2.589734
4.828558
1.771762
0.1661153
0
0
0
0
0
0
0
0
0
0
0
0
0
0
0
0
0
0
0
0
0
0
0
0
0
0
0
0
0
0
0
0
0
0
0
0
0
0
0
0
0
0
0
0
0
0
0
0
0
0
0
0
0
0
0
0
0
0
0
0
0
0
0
0
0
0
0
0
0
0
0
0
0
0
0
0
0
0
0
0
0
0
0
0
0
0
0
0
0
0
0
0
0
0
0
0
0
0
0
0
0
0
0
0
0
0
0
0
0
0
0
0
0
0
0
0
0
0
0
0
1.675161
4.181954
3.247392
5.336684
4.610358
3.553385
2.947206
2.71905
0.450914
0.01445444
0
0
0.3205778
1.627923
2.69056
3.771971
3.172707
3.892067
3.707708
3.798721
0.7938204
0.2518242
0.03161388
0
0
0
0
0
0
0
0
0
0
0
0
0
0
0
0
0
0
0
0
0
0
0
0
0
0
0
0
0
0
0
0
0
0
0
0
0
0
0
0
0
0
0
0
0
0
0
0
0
0
0
0
0
0
0
0
0
0
0
0
0
0
0
0
0
0
0
0
0
0
0
0
0
0
0
0
0
0
0
0
0
0
0
0
0
0
0
0
0
0
0
0
0
0
0
0
0
0
0
0
0
0
0
0
0
4.102487
6.172502
5.43477
8.18486
4.898814
5.925915
4.785695
5.513035
5.581971
3.284183
3.445806
3.969577
3.804163
2.548155
2.551999
5.939095
5.345991
4.733752
7.445112
4.993996
2.298719
1.633302
0.209213
0
0
0
0
0
0
0
0
0
0
0
0
0
0
0
0
0
0
0
0
0
0
0
0
0
0
0
0
0
0
0
0
0
0
0
0
0
0
0
0
0
0
0
0
0
0
0
0
0
0
0
0
0
0
0
0
0
0
0
0
0
0
0
0
0
0
0
0
0
0
0
0
0
0
0
0
0
0
0
0
0
0
0
0
0
0
0
0
0
0
0
0
0
0
0
0
0
0
0
0
0
0
0
0
2.037085
5.968883
7.210743
9.098936
9.085003
11.16577
10.80722
11.35371
11.89557
11.71099
11.23427
14.62892
13.31589
11.21685
8.606028
9.689128
7.443996
9.307617
9.537524
9.521567
8.439082
3.318996
0.3387217
0
0
0
0
0
0
0
0
0
0
0
0
0
0
0
0
0
0
0
0
0
0
0
0
0
0
0
0
0
0
0
0
0
0
0
0
0
0
0
0
0
0
0
0
0
0
0
0
0
0
0
0
0
0
0
0
0
0
0
0
0
0
0
0
0
0
0
0
0
0
0
0
0
0
0
0
0
0
0
0
0
0
0
0
0
0
0
0
0
0
0
0
0
0
0
0
0
0
0
0
0
0
0
0
0
0.1289468
0.4131284
4.262809
7.41052
8.427569
10.61321
13.18023
14.81852
20.35567
27.01883
28.25363
27.17146
25.98695
21.71412
17.44732
13.67593
10.31419
7.535289
6.646763
5.579245
5.639821
1.064616
0.04802174
0
0
0
0
0
0
0
0
0
0
0
0
0
0
0
0
0
0
0
0
0
0
0
0
0
0
0
0
0
0
0
0
0
0
0
0
0
0
0
0
0
0
0
0
0
0
0
0
0
0
0
0
0
0
0
0
0
0
0
0
0
0
0
0
0
0
0
0
0
0
0
0
0
0
0
0
0
0
0
0
0
0
0
0
0
0
0
0
0
0
0
0
0
0
0
0
0
0
0
0
0
0
0
0
0
1.701127
3.048978
5.643486
10.34645
12.45745
15.4009
20.80359
26.80678
37.70258
48.53829
56.82719
59.59013
57.12473
47.81487
37.20635
28.76269
19.40041
14.62496
10.03188
7.942069
5.272258
3.456725
0.427466
0
0
0
0
0
0
0
0
0
0
0
0
0
0
0
0
0
0
0
0
0
0
0
0
0
0
0
0
0
0
0
0
0
0
0
0
0
0
0
0
0
0
0
0
0
0
0
0
0
0
0
0
0
0
0
0
0
0
0
0
0
0
0
0
0
0
0
0
0
0
0
0
0
0
0
0
0
0
0
0
0
0
0
0
0
0
0
0
0
0
0
0
0
0
0
0
0
0
0
0
0
0
0
0
0
0
0
0.07140564
3.891747
7.802472
15.87838
21.7786
41.69486
59.14304
76.72561
90.17293
88.56869
90.90909
79.10194
61.53134
42.45429
25.51208
13.48551
4.787456
4.842554
1.061127
0.06063483
0
0
0
0
0
0
0
0
0
0
0
0
0
0
0
0
0
0
0
0
0
0
0
0
0
0
0
0
0
0
0
0
0
0
0
0
0
0
0
0
0
0
0
0
0
0
0
0
0
0
0
0
0
0
0
0
0
0
0
0
0
0
0
0
0
0
0
0
0
0
0
0
0
0
0
0
0
0
0
0
0
0
0
0
0
0
0
0
0
0
0
0
0
0
0
0.3376819
2.730545
4.631128
6.191802
5.774844
3.889867
0.9828217
0.07685276
0
0
0
0
0
0
0
4.535336
14.37789
26.44962
55.23544
79.48277
100.8939
121.4506
126.9038
123.1565
109.8029
86.67434
65.59757
36.82938
21.21683
7.705547
0.9783078
0.02991454
0
0
0
0
0
0
0.877285
3.440649
5.484282
3.657728
5.720622
2.431243
1.562234
0.1999971
0
0
0
0
0
0
0
0
0
0
0
0
0
0
0
0
0
0
0
0
0
0
0
0
0
0
0
0
0
0
0
0
0
0
0
0
0
0
0
0
0
0
0
0
0
0
0
0
0
0
0
0
0
0
0
0
0
0
0
0
0
0
0
0
0
0
0
0
0
0
0
0
0
0
0
0
0
0
0
0
0
1.679602
5.144492
5.858552
9.744643
13.74965
12.13496
10.21376
1.841259
0.07981218
0
0
0
0
0
0
0
4.131632
18.96502
34.79454
66.44059
99.64573
128.4787
151.8889
161.1972
154.9054
137.4535
113.4334
87.13526
53.79616
28.54775
13.73254
6.104704
5.388625
2.40498
0.2657794
0.001319798
0
0
0
1.50655
5.223674
9.847363
8.983538
13.42684
8.536991
4.407035
3.570085
0.4646391
0
0
0
0
0
0
0
0
0
0
0
0
0
0
0
0
0
0
0
0
0
0
0
0
0
0
0
0
0
0
0
0
0
0
0
0
0
0
0
0
0
0
0
0
0
0
0
0
0
0
0
0
0
0
0
0
0
0
0
0
0
0
0
0
0
0
0
0
0
0
0
0
0
0
0
0
0
0
0
0
0.6171014
8.065247
7.86634
12.02692
14.75072
14.92847
11.68093
5.926273
0.9273251
0.0381121
0.5149004
2.648889
7.34684
10.45379
12.81009
10.3155
11.58879
25.74728
47.15409
80.17777
118.5954
154.2678
187.6582
197.4316
191.727
169.9644
142.2241
105.7004
66.34913
42.79961
26.89876
19.8353
16.4807
13.03901
12.93812
7.79664
3.188737
1.062753
0.3474323
2.631135
4.244266
8.491973
12.18709
13.74933
12.47604
9.908643
2.762866
2.992394
1.697518
0.1942862
0
0
0
0
0
0
0
0
0
0
0
0
0
0
0
0
0
0
0
0
0
0
0
0
0
0
0
0
0
0
0
0
0
0
0
0
0
0
0
0
0
0
0
0
0
0
0
0
0
0
0
0
0
0
0
0
0
0
0
0
0
0
0
0
0
0
0
0
0
0
0
0
0
0
0
0
0
0
0.8295444
6.714672
7.41282
10.40031
13.95882
14.88425
8.713889
4.759077
1.672136
4.319304
12.68272
25.62232
30.06823
38.08499
32.59118
33.75232
29.24971
41.23001
56.85644
98.61959
142.0098
187.3703
229.6501
239.0541
234.2584
203.7633
169.4404
127.887
88.67244
66.09798
52.40968
44.86984
45.96483
41.93962
36.54879
28.26743
14.89107
2.457643
0.3516737
0.6131427
1.170133
5.842225
7.745962
14.37986
10.57765
7.913122
2.172705
0.5013464
0.04927054
0
0
0
0
0
0
0
0
0
0
0
0
0
0
0
0
0
0
0
0
0
0
0
0
0
0
0
0
0
0
0
0
0
0
0
0
0
0
0
0
0
0
0
0
0
0
0
0
0
0
0
0
0
0
0
0
0
0
0
0
0
0
0
0
0
0
0
0
0
0
0
0
0
0
0
0
0
0
0
0
2.58368
4.828607
3.825508
1.55847
1.666386
0.2285485
0
0.1783409
10.22183
25.75348
56.31269
67.28768
81.09415
74.4659
66.14362
52.17772
54.87552
73.56947
108.8137
162.5929
223.3319
275.6418
290.7338
283.0186
244.3084
193.1044
153.0743
106.7404
86.02547
78.98023
77.46488
90.70746
82.44616
74.18687
61.33247
39.17028
18.74787
3.399048
0.1934372
0
0
0.6146766
2.037842
1.625855
0.4369274
0.03568828
0
0
0
0
0
0
0
0
0
0
0
0
0
0
0
0
0
0
0
0
0
0
0
0
0
0
0
0
0
0
0
0
0
0
0
0
0
0
0
0
0
0
0
0
0
0
0
0
0
0
0
0
0
0
0
0
0
0
0
0
0
0
0
0
0
0
0
0
0
0
0
0
0
0
0
0
0
0
0
0
0
0
0
3.544321
2.359876
3.24179
1.481767
1.476897
1.399716
7.343436
23.74542
56.77352
108.1907
118.2954
140.2986
122.768
109.7849
83.00883
68.21041
75.60648
114.4239
169.8409
234.8031
311.8065
335.6364
326.2115
274.1815
215.8701
163.3642
119.9109
104.3881
108.3379
119.0645
145.843
137.2213
131.1732
110.9011
79.09224
43.83225
18.91855
6.198243
6.915371
4.167822
1.397979
2.76448
0.3995411
0
0
0
0
0
0
0
0
0
0
0
0
0
0
0
0
0
0
0
0
0
0
0
0
0
0
0
0
0
0
0
0
0
0
0
0
0
0
0
0
0
0
0
0
0
0
0
0
0
0
0
0
0
0
0
0
0
0
0
0
0
0
0
0
0
0
0
0
0
0
0
0
0
0
0
0
0
0
0
0
0
0
0
5.296732
10.59904
9.951471
12.65423
18.79334
14.58897
17.82156
17.70549
30.0598
53.78787
89.71709
157.0792
174.2885
199.1887
177.1602
152.0853
106.9682
76.8127
74.97502
103.254
161.1242
234.8101
331.5284
366.2674
356.9233
285.3195
210.6746
152.9842
114.8695
105.3523
124.8152
148.2829
186.8008
184.8559
185.0593
160.6951
119.0225
77.97586
50.1617
33.61291
32.53744
29.81213
21.25767
23.47597
14.95368
12.31695
6.718468
5.137401
1.541195
0.1335856
0.05761653
0.3399777
0.1080077
0.2031801
0.02957854
0
0
0
0
0
0
0
0
0
0
0
0
0
0
0
0
0
0
0
0
0
0
0
0
0
0
0
0
0
0
0
0
0
0
0
0
0
0
0
0
0
0
0
0
0
0
0
0
0
0
0
0
0
0
0
0
0
0
0
0
0
0
0
0
0.3764128
5.156089
5.296922
3.996456
5.843437
4.43729
5.318194
4.563115
7.607968
12.27848
24.5811
26.37614
33.45157
45.43972
42.55598
51.82066
49.75641
67.41098
86.9597
122.5744
203.7364
220.9865
246.2431
205.5436
185.3329
122.5035
77.88193
64.00718
87.1486
150.2639
241.4946
368.25
413.9656
387.7299
304.7304
215.3666
147.7536
106.4961
98.75139
130.4493
163.5111
216.4769
222.788
230.6795
201.1287
158.7702
115.2085
81.01992
66.02643
68.78624
67.34029
50.95373
55.1293
41.7521
35.63564
22.61399
15.64812
14.48548
11.08187
9.615304
9.298886
9.044773
9.30803
7.683021
4.334697
0.5102384
0
0
0
0
0
0
0
0
0
0
0
0
0
0
0
0
0
0
0
0
0
0
0
0
0
0
0
0
0
0
0
0
0
0
0
0
0
0
0
0
0
0
0
0
0
0
0
0
0
0
0
0
0
0
0
0
0
0
0
0.32941
2.183934
2.531775
4.396363
7.909071
10.1529
13.93155
15.33676
11.4908
11.72571
8.8679
13.5157
19.98569
36.00292
40.10205
54.02299
70.75084
76.09551
84.91555
83.0481
97.8032
117.1683
145.612
225.6835
234.7434
253.0508
211.8844
191.1056
127.2638
75.56463
57.97181
80.78647
157.009
265.2031
419.7311
479.9809
454.3039
346.6725
232.7984
148.0936
102.827
91.45326
122.1401
160.7507
218.5517
228.1337
245.8427
221.6674
181.3702
140.8491
111.4009
100.8648
100.47
100.7285
86.52514
89.05362
66.8848
54.68421
35.98071
24.95803
25.04517
23.52557
16.6866
16.77217
17.7992
17.909
16.49759
11.12876
7.091404
6.903266
3.634741
1.875219
0.2934118
0.01080255
0
0
0
0
0
0
0
0
0
0
0
0
0
0
0
0
0
0
0
0
0
0
0
0
0
0
0
0
0
0
0
0
0
0
0
0
0
0
0
0
0
0
0
0
0
0
0
0
0
0
0
0
0
0
6.307807
5.736457
6.525995
8.85747
13.94493
18.84429
17.68826
23.2139
20.65389
19.977
17.87847
20.57999
28.54074
47.14681
56.33929
75.54256
93.85348
101.6502
113.7689
114.5558
131.1683
144.7174
165.0169
229.2835
233.5745
242.973
204.66
189.6013
129.8028
83.60587
65.82636
101.4107
208.3321
345.8446
552.0883
639.9163
615.6701
457.057
302.3458
189.3862
120.8284
97.0241
121.4228
160.313
209.8047
220.0443
242.6875
226.4506
198.8939
153.77
132.1714
123.3756
124.8775
128.916
107.0599
115.9204
90.40796
73.28156
51.80707
38.82214
36.48628
29.79272
24.51138
25.26988
23.38813
19.40707
22.2463
19.01362
11.55513
8.832115
8.510152
6.488211
7.011703
6.736357
0.8814774
0
0
0
0
0
0
0
0
0
0
0
0
0
0
0
0
0
0
0
0
0
0
0
0
0
0
0
0
0
0
0
0
0
0
0
0
0
0
0
0
0
0
0
0
0
0
0
0
0
0
0
0
0
2.715259
1.868534
4.563134
5.096757
9.996146
8.685119
13.36528
16.00909
16.54648
16.72194
18.18299
21.85537
27.72816
43.10208
53.36846
76.40279
85.76478
104.1061
114.1119
125.5437
139.416
148.6051
158.6257
198.5222
197.3965
193.8697
167.8343
165.4226
125.549
97.79101
97.92612
165.502
312.4023
502.5567
785.7517
894.5553
864.1893
672.6528
464.9223
294.8592
183.3002
126.5055
123.643
143.4763
178.1312
180.4203
204.5585
194.2708
180.7847
155.4949
138.2
132.6393
121.0604
121.2439
105.0296
103.6155
89.65905
68.06967
48.53576
43.10389
33.79293
26.9743
20.07513
22.01945
11.39478
13.08189
11.14905
10.72693
7.956556
6.561154
3.25785
3.10023
1.980255
0.4256703
0.02855113
0
0
0
0
0
0
0
0
0
0
0
0
0
0
0
0
0
0
0
0
0
0
0
0
0
0
0
0
0
0
0
0
0
0
0
0
0
0
0
0
0
0
0
0
0
0
0
0
0
0
0
0
0
0.2676878
0.9651757
0.9656508
1.139579
1.566403
3.416803
4.803981
8.241074
10.40844
8.858701
13.08907
12.77086
19.03774
27.20159
39.36996
57.59985
57.74442
77.07595
83.4153
104.3766
116.9116
127.1146
123.2915
143.5409
139.3819
134.3391
119.8582
134.497
119.6435
139.0436
178.048
305.5372
523.268
786.8153
1131.841
1286.954
1250.238
1015.667
751.0175
507.38
306.002
192.7853
135.4985
131.8707
140.7222
134.7511
146.3087
139.1358
133.9262
114.9283
108.044
110.1877
92.03896
86.43771
73.08535
67.70076
60.44299
41.37465
30.56108
32.49183
20.52148
14.94542
10.01276
10.65955
5.470156
3.319822
2.08121
2.912887
2.363878
0.7250422
1.28802
0.5234345
0.05132586
0
0
0
0
0
0
0
0
0
0
0
0
0
0
0
0
0
0
0
0
0
0
0
0
0
0
0
0
0
0
0
0
0
0
0
0
0
0
0
0
0
0
0
0
0
0
0
0
0
0
0
0
0
0
0
0
0
0
0
0
0
0
0
2.250853
3.501487
4.051955
3.910333
5.563314
7.237172
10.64021
21.93521
19.79365
29.47391
31.85862
46.34562
58.30679
60.42843
57.26145
65.91482
70.78389
61.93381
62.01428
87.5564
112.1201
182.2838
278.9062
501.873
788.424
1090.741
1465.898
1633.676
1614.733
1389.564
1090.636
774.8242
466.4435
268.5127
145.7702
104.204
86.54936
65.35244
70.12778
64.11902
57.05675
45.54013
45.21584
48.93589
35.73466
32.04806
30.33907
21.45989
22.59309
11.12506
7.213682
6.799474
3.706893
2.734903
2.780778
0.5344619
0.02507228
0
0
0
0
0
0
0
0
0
0
0
0
0
0
0
0
0
0
0
0
0
0
0
0
0
0
0
0
0
0
0
0
0
0
0
0
0
0
0
0
0
0
0
0
0
0
0
0
0
0
0
0
0
0
0
0
0
0
0
0
0
0
0
0
0
0
0
0
0
0
0
0
0
0.06608007
0.355424
1.785797
5.867031
4.233974
6.833807
8.80371
4.77168
3.945038
6.012109
6.517148
7.781381
6.500303
11.72023
15.08676
12.24879
18.45756
42.42286
85.46828
212.8511
371.2035
686.3788
1037.968
1366.347
1726.504
1880.808
1885.117
1658.131
1363.191
991.6844
581.8296
311.4038
132.7792
68.66093
35.28561
14.37606
13.89754
6.644489
5.485254
3.468166
3.244293
1.069338
5.109974
7.744729
5.733346
10.2905
7.132064
10.44301
4.964683
1.72103
2.676433
0.6968612
0.04825171
0
0
0
0
0
0
0
0
0
0
0
0
0
0
0
0
0
0
0
0
0
0
0
0
0
0
0
0
0
0
0
0
0
0
0
0
0
0
0
0
0
0
0
0
0
0
0
0
0
0
0
0
0
0
0
0
0
0
0
0
0
0
0
0
0
0
0
0
0
0
0
0
0
0
2.383121
11.28567
17.22967
22.69085
34.34439
26.11472
30.03125
36.28221
27.36724
38.41067
28.18931
28.1133
24.68874
18.22961
18.61162
7.643085
7.425449
1.287122
5.344073
47.85355
189.8388
383.67
740.6884
1114.641
1425.489
1739.977
1866.836
1895.974
1708.399
1417.662
1032.969
571.993
284.17
92.71764
27.30795
6.445563
8.872399
12.06605
29.2077
40.9795
46.85746
41.2247
31.35915
39.02776
39.7919
29.05205
42.27502
37.63136
47.92185
36.63282
28.78361
33.80992
16.48039
3.74231
0.2939844
0
0
0
0
0
0
0
0
0
0
0
0
0
0
0
0
0
0
0
0
0
0
0
0
0
0
0
0
0
0
0
0
0
0
0
0
0
0
0
0
0
0
0
0
0
0
0
0
0
0
0
0
0
0
0
0
0
0
0
0
0
0
0
0
0
0
0
0
0
0
0
0
0
8.001385
25.64009
37.23972
48.2006
70.00921
64.41212
68.11042
83.37285
88.05158
119.3055
120.565
132.7251
129.8657
115.6996
96.03748
66.97652
59.36736
22.37394
2.422218
24.04013
149.8947
344.8748
701.7746
1063.036
1345.175
1619.847
1721.565
1731.603
1567.438
1302.635
948.9542
489.5289
217.6202
49.30907
5.982928
14.50746
55.31362
89.13978
135.223
166.5196
175.0488
159.9385
134.1278
131.0486
110.4196
75.33949
86.67365
79.22424
87.5871
69.8293
64.78491
56.81421
34.81695
9.585005
5.439469
0.702439
0
0.0336955
3.558552
4.483548
4.156642
3.154558
0.3976116
0
0
0
0
0
0
0
0
0
0
0
0
0
0
0
0
0
0
0
0
0
0
0
0
0
0
0
0
0
0
0
0
0
0
0
0
0
0
0
0
0
0
0
0
0
0
0
0
0
0
0
0
0
0
0
0
2.070375
7.130672
12.04749
11.95748
10.11014
4.574952
2.561274
3.303633
5.208172
15.11926
34.80763
49.41408
60.49496
72.21509
73.2859
86.55978
101.3535
128.0325
190.7706
223.2089
264.7147
275.9358
258.1387
227.6463
168.429
137.5721
69.49566
25.53554
21.89329
124.6304
303.2095
639.969
974.7174
1232.408
1464.001
1531.931
1529.84
1382.297
1136.31
817.7425
401.1459
163.2292
27.38491
11.20664
52.50566
137.0877
214.0749
290.8549
345.3879
350.4488
305.9623
252.115
219.9125
163.4107
107.5801
99.13314
88.70409
82.14757
73.60655
72.99827
57.76728
36.04199
11.54908
6.133747
2.044448
2.37962
7.387196
14.62743
19.38444
16.69808
10.82664
3.708694
0.3631655
0
0
0
0
0
0
0
0
0
0
0
0
0
0
0
0
0
0
0
0
0
0
0
0
0
0
0
0
0
0
0
0
0
0
0
0
0
0
0
0
0
0
0
0
0
0
0
0
0
0
0
0
0
0
0
3.626271
8.878405
14.44324
15.58704
13.02777
5.360445
4.571261
3.973749
10.80636
22.41519
36.98785
43.41014
46.94822
45.56113
51.29206
65.10649
80.42516
127.7806
214.348
280.4344
370.5025
409.6385
411.4164
384.9973
289.947
229.1966
119.513
54.93101
38.7297
125.4368
295.2978
609.8823
898.5609
1135.103
1338.123
1383.845
1383.59
1239.56
1004.162
727.3503
358.6991
140.6683
22.91616
20.03434
91.95806
231.3705
352.2739
468.5397
532.3629
498.718
426.7717
334.1948
262.1209
171.4879
98.51723
70.90319
51.22083
45.48351
45.4711
51.95704
46.73228
33.58844
16.19222
8.920228
2.284162
3.044685
7.354346
17.77652
18.63945
17.97865
12.36458
5.098324
0.5441546
0
0
0
0
0
0
0
0
0
0
0
0
0
0
0
0
0
0
0
0
0
0
0
0
0
0
0
0
0
0
0
0
0
0
0
0
0
0
0
0
0
0
0
0
0
0
0
0
0
0
0
0
0
0
0
0.07090493
0.491541
5.820496
5.587487
5.429729
1.073019
0.3602991
7.450481
13.94803
22.78193
34.08162
36.65341
32.18685
23.02043
18.38237
23.71068
41.80889
93.40374
198.4625
294.7954
414.3726
497.0745
520.5795
507.3314
399.23
307.3067
159.535
94.69347
75.1481
171.3728
330.2919
609.1379
854.9445
1060.667
1237.02
1287.796
1267.028
1108.645
925.4722
681.9359
364.3599
170.7549
44.73541
33.63497
118.4333
300.6987
464.0776
596.0387
648.5148
597.6386
493.011
374.1344
269.3909
144.0663
64.54261
25.09879
9.552449
17.36788
25.92712
34.79104
36.5884
32.1486
23.08352
17.97463
3.723367
0.2170812
0.7653228
4.814323
8.685705
7.651802
3.828824
0.7895025
0.05416622
0
0
0
0
0
0
0
0
0
0
0
0
0
0
0
0
0
0
0
0
0
0
0
0
0
0
0
0
0
0
0
0
0
0
0
0
0
0
0
0
0
0
0
0
0
0
0
0
0
0
0
0
0
0
0
0
0
0
0
0
0
1.720822
9.11288
16.84902
30.72775
36.24257
39.16542
35.39188
23.13386
9.084369
3.163424
11.81408
59.79624
156.1961
265.0792
398.6162
504.7712
559.3626
556.3623
447.0932
346.9522
189.2564
137.8972
143.6942
262.1426
425.6078
677.6901
872.3984
1046.349
1199.09
1223.173
1189.058
1050.197
892.6479
710.0845
432.4486
251.0611
97.25279
54.80893
123.3416
306.14
487.9911
626.2643
674.4234
603.9834
483.6929
353.2987
237.7341
110.0381
41.78733
7.325854
2.796261
19.86533
32.42447
41.98817
46.79951
39.52079
28.40558
23.12027
9.651475
1.015434
0
0
0
0
0
0
0
0
0
0
0
0
0
0
0
0
0
0
0
0
0
0
0
0
0
0
0
0
0
0
0
0
0
0
0
0
0
0
0
0
0
0
0
0
0
0
0
0
0
0
0
0
0
0
0
0
0
0
0
0
0
0
0.9858831
1.729301
3.360157
2.949969
1.613906
1.299842
0.6521532
6.423917
14.32198
26.8659
40.13802
53.89372
58.35402
52.72811
29.54551
8.786072
2.415803
30.84281
106.4264
204.1122
332.5592
440.6717
503.3689
520.7696
427.2705
328.9266
202.1128
191.4147
238.9186
390.7488
554.3425
761.8658
936.1487
1069.89
1209.26
1221.41
1180.067
1040.675
912.6747
778.7449
554.2114
366.6799
185.894
94.99725
121.0141
264.6628
433.8244
565.0776
596.0306
517.8879
413.2542
297.6277
184.2493
77.99642
31.85863
16.11836
33.27036
59.4854
67.99216
70.0518
66.00817
51.49125
31.18613
20.74115
9.044464
2.748231
0.9927175
5.800764
8.805557
10.85172
6.820959
2.795419
2.011733
0.2602168
0
0
0
0
0
0
0
0
0
0
0
0
0
0
0
0
0
0
0
0
0
0
0
0
0
0
0
0
0
0
0
0
0
0
0
0
0
0
0
0
0
0
0
0
0
0
0
0
0
0
0
0
0
0
2.775415
8.582117
12.49272
14.90713
10.64389
3.988501
0.6869622
1.963967
9.127119
25.03156
53.02946
77.49081
91.20119
97.56386
69.59923
35.77773
16.98687
17.98785
61.74597
128.1848
225.1798
326.5031
386.2713
393.826
322.7284
246.9226
184.3312
221.0902
311.61
491.354
657.9059
841.61
970.5547
1086.427
1191.885
1200.985
1159.99
1045.511
935.4291
839.785
660.6743
494.024
276.4498
135.7621
99.93486
175.8277
307.0837
407.871
436.9175
375.131
292.1606
202.9386
119.1941
53.43547
35.52495
47.78332
82.72695
113.9276
117.8857
114.1047
91.54487
60.85664
31.79012
18.74672
7.577412
3.468048
6.799045
21.9854
28.11406
23.9287
16.14653
8.059035
4.187015
4.096436
0.6585157
0.522367
0.7139763
0.4708696
0.05689268
0
0
0
0
0
0
0
0
0
0
0
0
0
0
0
0
0
0
0
0
0
0
0
0
0
0
0
0
0
0
0
0
0
0
0
0
0
0
0
0
0
0
0
0
0.8549622
2.311883
1.93508
0.6531679
0.6245514
4.171453
10.45755
19.22427
27.57511
21.26086
9.062799
1.266752
0.174445
7.089621
30.92674
73.66171
109.4654
134.3078
137.1611
117.413
71.27905
41.86166
23.15068
29.65102
70.43772
143.6302
221.0807
270.4509
258.8482
198.895
146.5275
138.6699
226.7346
362.2453
579.2917
759.3079
922.0748
1045.07
1154.084
1262.772
1283.726
1236.725
1108.382
1009.975
929.6914
765.8321
596.7734
351.4178
167.8265
73.56097
84.41079
180.6438
274.3967
302.0704
252.9784
189.4242
125.3283
72.47767
48.67653
55.37864
87.0354
137.7283
172.9051
172.4278
158.6408
121.1441
74.43194
35.17654
15.7628
6.079679
5.185629
13.42065
34.74051
36.69253
35.85902
28.24669
18.35509
7.467233
3.655533
4.493932
5.041564
7.119847
8.912329
6.000309
2.475693
0.2656985
0
0
0
0
0
0
0
0
0
0
0
0
0
0
0
0
0
0
0
0
0
0
0
0
0
0
0
0
0
0
0
0
0
0
0
0
0
0
0
0
0
0
0.01257996
1.35203
1.137728
0.3957781
0.9752593
0.8538602
8.672395
19.73943
25.84122
21.09764
12.72257
3.310008
1.783458
9.284112
36.11279
78.42047
115.867
140.792
147.4923
131.4097
97.99276
61.31437
29.31185
13.45033
30.51935
82.48875
147.6008
185.563
159.7062
99.59811
48.38538
72.40055
179.9118
340.0968
566.0496
746.9215
921.951
1047.868
1158.837
1272.008
1291.636
1259.929
1139.267
1041.315
957.1868
800.4181
622.797
370.1549
173.8689
47.85316
26.66941
95.67451
173.3154
204.9866
171.373
119.124
70.80834
41.19755
44.92965
64.66242
106.8414
157.5513
180.2016
177.1601
173.8185
125.3825
75.64601
41.30489
20.76958
7.346353
4.973118
16.98856
29.88799
34.23444
30.24154
20.21516
12.76517
5.298394
5.257825
7.520333
5.885973
8.492901
9.884005
4.683089
1.983892
0.2240858
0
0
0
0
0
0
0
0
0
0
0
0
0
0
0
0
0
0
0
0
0
0
0
0
0
0
0
0
0
0
0
0
0
0
0
0
0
0
0
0
0
0
0
0
0
0
0
0.6778856
3.598815
12.20486
14.15669
12.45448
9.48482
3.181435
4.922202
11.79558
32.81051
67.26232
93.95142
119.4763
119.2965
118.3826
93.63569
59.0604
32.9686
8.084888
19.67414
69.83677
134.2761
166.6933
123.5193
64.30078
16.15172
42.04427
149.8914
315.0685
547.3733
737.5018
926.7998
1070.695
1203.22
1320.878
1344.441
1317.511
1200.583
1107.745
1011.104
836.0513
652.6587
396.3425
216.1497
84.28351
44.48096
94.92333
172.2014
200.0216
165.6225
101.887
54.87102
31.4302
43.98824
64.79277
103.8033
143.0218
156.0175
150.572
146.4994
111.2164
70.45421
43.2394
19.60724
9.333993
8.159928
15.24373
19.77077
22.58996
18.29311
14.43073
5.946014
2.839953
0.3370842
3.596112
3.559398
7.123814
5.285657
2.46829
0.276656
0
0
0
0
0
0
0
0
0
0
0
0
0
0
0
0
0
0
0
0
0
0
0
0
0
0
0
0
0
0
0
0
0
0
0
0
0
0
0
0
0
0
0
0
0
0
0
0
0
0.4008364
1.296383
2.377685
1.792637
2.829686
2.368228
5.573118
10.92342
24.50554
37.29282
50.65651
62.18193
61.53263
65.61641
56.90001
35.97051
20.20296
5.159987
25.52946
75.09616
134.2437
162.2096
127.9734
88.83836
67.52419
106.6649
200.4901
334.9095
514.8876
670.4273
843.0816
980.0362
1086.703
1209.684
1235.221
1231.298
1135.966
1065.614
974.1516
824.6984
669.7769
468.3787
332.9715
214.6637
156.7357
171.1223
212.4408
223.4982
180.4859
118.3847
61.20645
29.75247
29.90357
41.49449
63.06316
86.06149
82.80581
82.12801
74.98953
59.14134
39.84178
29.75179
14.21006
8.203267
6.168359
7.691467
5.169426
5.468673
5.398373
2.706347
1.55469
0.1903061
0
0
0
0
0
0
0
0
0
0
0
0
0
0
0
0
0
0
0
0
0
0
0
0
0
0
0
0
0
0
0
0
0
0
0
0
0
0
0
0
0
0
0
0
0
0
0
0
0
0
0
0
0
0
0
0
0
0
0
0
0
0
0
0.6630333
3.37802
3.382061
9.272246
13.1275
13.73014
12.56061
12.37671
8.49483
4.948761
15.50229
43.79762
90.02847
130.3035
150.349
151.4758
172.5673
211.807
303.7346
384.5104
461.4404
547.3498
618.5864
711.5799
792.9177
887.4464
983.991
1008.191
1014.149
958.2188
901.328
860.0439
814.4927
738.3497
655.7472
574.1001
476.496
358.2554
290.3555
262.2677
235.6588
194.0347
144.5721
84.73876
46.80959
21.29449
13.47301
18.31599
21.17301
21.3333
17.50314
12.85167
9.767806
6.474537
3.846292
1.465239
0.4771794
0.2051864
0.02369802
0
0
0
0
0
0
0
0
0
0
0
0
0
0
0
0
0
0
0
0
0
0
0
0
0
0
0
0
0
0
0
0
0
0
0
0
0
0
0
0
0
0
0
0
0
0
0
0
0
0
0
0
0
0
0
0
0
0
0
0
0
0
0
0
0
0
0.4029905
1.142142
0.745939
0.5746827
0.07397326
0
0
0
0
0
0
0.5694342
7.016265
33.41304
64.31865
95.31938
109.2159
115.3281
169.2708
272.9662
406.1797
563.4397
636.8903
658.9755
613.1678
580.778
547.9751
546.3821
573.4216
622.1762
647.5391
667.1743
645.0349
650.8578
681.062
753.7909
801.4503
859.67
856.4282
774.0315
577.2271
410.8064
293.8575
217.8789
181.2519
148.8182
108.5322
66.98155
25.92092
5.015082
0.6707369
0.04865019
0
0
0
0.5694342
1.321844
0.6741394
0.1440762
2.362985
1.688383
2.085443
0.8559203
0.08663479
0
0
0
0
0
0
0
0
0
0
0
0
0
0
0
0
0
0
0
0
0
0
0
0
0
0
0
0
0
0
0
0
0
0
0
0
0
0
0
0
0
0
0
0
0
0
0
0
0
0
0
0
0
0
0
0
0
0
0
0
0.534023
0.7255518
4.438421
5.446684
11.39204
18.15607
19.46137
20.19669
17.29995
12.7745
10.72848
13.22693
12.68493
13.7053
12.15393
9.967211
18.58734
54.49185
75.10637
86.83452
74.8355
80.35275
192.0708
360.2995
549.9618
754.8558
825.5679
780.9057
645.8851
526.9654
392.5331
315.7959
290.8017
282.6903
286.5119
301.5272
325.1506
376.6825
463.8137
632.6304
787.2192
943.1091
1009.619
955.1733
712.9001
488.7647
289.8699
177.1235
140.4835
128.0363
105.7372
76.181
34.44553
13.49235
8.104343
13.76901
16.49715
20.36352
24.30957
23.42804
28.10236
29.62597
27.62997
28.41876
27.26016
20.40303
15.81544
12.58396
11.0092
9.985179
6.937557
0.8574731
0
0
0
0
0
0
0
0
0
0
0
0
0
0
0
0
0
0
0
0
0
0
0
0
0
0
0
0
0
0
0
0
0
0
0
0
0
0
0
0
0
0
0
0
0
0
0
0
0
0
0
0
0
0
0
8.07674
8.498959
6.156375
9.505627
16.27722
27.72074
36.91284
54.69473
55.24901
46.71345
35.56758
30.40374
31.28582
35.38788
34.45692
30.14694
27.05676
30.96043
49.61434
67.30423
67.34429
55.25749
68.19836
202.6026
388.2841
601.1554
806.5094
861.9131
796.3915
625.0103
469.3157
295.2212
183.0944
124.0197
89.25922
79.98506
89.02436
123.6623
188.3344
303.7488
509.0857
694.1969
916.176
1014.542
984.9051
751.5317
497.5201
291.4063
157.0538
110.8539
104.5132
89.91681
67.2918
40.42719
27.15438
30.35435
41.57813
44.47935
47.77799
49.73123
55.58539
65.83006
76.19398
75.2049
72.08112
56.49513
40.72124
28.227
21.09595
17.45617
13.35286
12.25066
5.526511
0.5963499
0
0
0
0
0
0
0
0
0
0
0
0
0
0
0
0
0
0
0
0
0
0
0
0
0
0
0
0
0
0
0
0
0
0
0
0
0
0
0
0
0
0
0
0
0
0
0
0
0
0
0
0
0.9262034
5.301785
9.429606
7.978193
7.847731
12.30236
21.95088
33.52395
52.02683
72.44066
73.39455
63.76934
48.51174
41.25427
44.69988
52.47802
53.69793
46.61747
41.36037
42.24454
54.21487
60.91488
63.73095
58.98837
86.66654
227.2408
399.7954
580.7609
762.2875
822.6143
754.964
582.9756
425.2313
241.6236
126.9126
69.49255
30.49047
17.39141
18.90357
40.9269
94.1382
204.8404
422.5612
605.0358
836.3115
939.7261
923.1261
720.0833
494.6785
300.8986
171.3027
119.2405
98.60021
78.43254
60.43928
44.17845
41.67532
48.31254
65.3088
72.12089
68.69551
68.52949
74.72277
87.33768
98.01899
100.9942
89.02925
68.99597
51.41542
33.49932
24.05441
19.86777
15.46411
14.60863
11.65733
5.661448
4.156457
2.734839
1.617571
1.343197
2.308537
6.565303
2.779258
0.2783883
0
0
0
0
0
0
0
0
0
0
0
0
0
0
0
0
0
0
0
0
0
0
0
0
0
0
0
0
0
0
0
0
0
0
0
0
0
0
0
0
0
0
0
2.553243
3.783797
6.234635
10.41869
10.99671
10.84986
9.526344
14.56609
23.30721
43.33501
60.28015
66.6014
64.20736
52.36777
47.76987
54.62975
61.03036
63.80007
59.33398
52.15906
47.59257
56.04399
63.16804
74.05087
89.50012
127.9339
248.7675
390.8352
530.9003
679.2869
716.0833
658.9511
512.8037
365.0091
201.0311
96.18478
52.974
47.72172
44.584
38.57474
24.53206
50.70046
137.7881
338.3477
525.4228
732.1696
834.5839
819.2215
675.7896
492.9152
337.0776
220.8232
156.2555
115.3975
85.34731
66.24747
54.81442
50.75836
61.15962
78.99105
81.51785
84.57927
81.64961
86.12832
89.4505
95.87529
92.59574
75.48881
57.0109
40.09758
23.88366
16.31235
16.4019
18.36665
17.62922
14.99192
9.891349
4.120107
0.4425541
0
0
0
0
0
0
0
0
0
0
0
0
0
0
0
0
0
0
0
0
0
0
0
0
0
0
0
0
0
0
0
0
0
0
0
0
0
0
0
0
0
0
0
0
0
0
0
0
0
0
1.288559
5.413473
8.657613
9.417204
9.125169
8.658846
4.407679
7.414827
16.93067
32.19837
41.21567
48.89605
51.0179
55.18821
58.07504
59.56664
60.87681
55.56883
55.16965
54.82198
65.91083
79.82093
105.3702
142.2919
195.3315
282.7834
374.8278
456.1502
539.8712
569.0972
528.1376
416.44
293.3508
142.6782
64.66033
47.12795
77.36844
90.74347
69.15987
25.28071
22.12301
89.2003
266.6689
423.9741
591.4256
670.4762
671.3001
588.5194
480.1762
380.1238
286.2574
217.3873
154.9239
111.4535
88.03157
68.07625
63.21271
64.1404
76.85606
83.55225
87.76601
86.83103
86.39713
76.21093
64.76268
59.35074
41.24023
24.06618
10.48547
7.250475
12.76987
15.72219
17.59305
17.57398
12.00457
6.505898
3.315491
0.3879535
0
0
0
0
0
0
0
0
0
0
0
0
0
0
0
0
0
0
0
0
0
0
0
0
0
0
0
0
0
0
0
0
0
0
0
0
0
0
0
0
0
0
0
0
0
0
0
0
0
0
0
2.20786
9.938159
10.28738
10.82593
4.056988
0.3977322
0
0.4571785
8.095234
19.96453
32.96413
49.15448
61.77452
68.97333
66.63814
58.97576
55.46915
54.0374
57.83813
82.97942
107.8139
156.7181
216.6289
277.5231
336.4941
368.4704
391.4224
424.4783
434.6564
405.0917
321.2651
221.4914
102.8571
38.09994
35.47893
82.86496
103.5529
83.71099
23.75765
6.928239
57.97334
201.1488
335.583
473.5874
531.3668
549.1888
528.1534
485.2457
441.6771
367.8352
298.5312
219.229
156.4817
119.5394
85.44053
78.83835
74.00193
79.35635
86.88621
93.71763
89.09059
81.51366
61.94393
42.38349
27.90814
14.41556
4.103385
0.6438231
0.76032
6.644947
17.11727
18.37251
19.91146
10.95926
6.283087
2.975718
0.3365198
0
0
0
0
0
0
0
0
0
0
0
0
0
0
0
0
0
0
0
0
0
0
0
0
0
0
0
0
0
0
0
0
0
0
0
0
0
0
0
0
0
0
0
0
0
0
0
0
0
0
0
4.75734
9.817238
14.43885
17.32565
12.03835
3.973179
1.492219
1.839234
2.422895
11.6781
24.92992
45.16217
61.92181
70.52013
63.78036
57.09998
51.91689
50.02508
58.94793
93.66184
129.7573
204.6283
274.9066
339.8597
372.215
360.3331
336.6233
307.388
298.6739
277.4793
228.0686
155.4787
68.38861
18.63708
16.41965
56.72556
77.97154
64.025
19.29306
6.048028
43.67802
155.7737
255.4515
347.8001
387.6841
415.058
451.3022
471.849
471.8018
430.2037
355.4216
268.5281
195.6957
145.0816
98.00841
81.42721
70.65705
75.16118
79.41053
86.23736
80.96755
67.41416
45.90032
27.36597
15.00452
3.431179
0.2511284
0
5.998631
13.7038
24.7376
25.43669
20.64804
10.58759
7.414059
2.937597
1.008562
1.954208
1.630477
0.205313
0
0
0
0
0
0
0
0
0
0
0
0
0
0
0
0
0
0
0
0
0
0
0
0
0
0
0
0
0
0
0
0
0
0
0
0
0
0
0
0
0
0
0
0
0
0
0
0
3.25074
11.9425
23.60249
25.22524
20.94312
6.823952
1.00981
0.0577003
1.21805
5.586642
18.39498
32.49216
44.7778
50.93816
50.95494
46.9607
41.80168
43.75015
56.05306
97.59443
152.7592
231.6424
328.2802
390.8478
394.8862
353.4232
289.132
229.36
215.3678
201.52
172.9165
126.7584
54.79701
14.15495
3.741359
25.64738
37.78062
28.96283
7.003463
8.389477
48.69741
143.2907
212.4399
270.4414
296.0868
325.6076
401.7975
460.683
488.0924
463.8216
394.6771
299.6785
217.2448
152.815
98.19747
75.77614
64.17502
63.72377
64.81371
64.04505
59.32416
51.20182
32.89848
20.16624
6.508888
0.616055
0
1.069467
10.7652
23.33187
32.25787
32.66524
24.20796
11.11821
2.30019
0.1627108
0
0
0.6753628
2.218732
4.642298
3.56451
2.787172
2.800057
0.3717289
0
0
0
0
0
0
0
0
0
0
0
0
0
0
0
0
0
0
0
0
0
0
0
0
0
0
0
0
0
0
0
0
0
0
0
0
0
0
0
0
0
0
0.4495127
0.8261067
12.41689
25.2693
29.28835
22.35095
10.6931
5.136632
0.6187662
0.02986427
0.3341759
8.69386
18.70563
21.67296
22.63835
25.22736
27.37655
29.41064
35.66057
50.00812
90.5721
145.7413
233.2093
321.0596
382.7369
376.7854
314.5784
247.3523
175.3168
154.9655
156.1102
145.9542
123.5117
66.42023
22.72267
4.259183
3.084682
4.996273
3.338759
3.157103
21.71305
63.37294
139.7407
193.0914
227.6849
241.8553
262.6151
340.4536
412.346
458.792
446.0442
393.3798
298.1442
210.9156
146.9122
93.55411
65.18804
46.81667
32.09855
34.3808
30.42554
28.51919
25.79987
15.90681
5.672484
0.9420153
0.05621779
0
4.885962
18.10029
30.64579
37.91353
36.2422
30.56738
12.5755
2.943196
0.2476689
0
0
0.70325
3.031533
5.096636
2.413133
3.078675
2.693507
2.728173
0.3626507
0
0
0
0
0
0
0
0
0
0
0
0
0
0
0
0
0
0
0
0
0
0
0
0
0
0
0
0
0
0
0
0
0
0
0
0
0
0
0
0
0
0.07542216
3.416878
12.46614
22.58096
27.54207
22.36661
9.701079
3.062908
0.3825696
0.2002879
2.227234
6.702295
10.50281
8.921799
9.617409
7.582358
9.339762
17.25024
28.7513
43.60702
88.10801
138.044
219.0942
291.8854
339.2974
324.3967
274.4764
207.9125
155.4399
149.9481
154.6139
155.412
138.1756
90.98978
47.30005
18.36811
3.655611
0.7376501
1.295427
12.79561
42.76765
89.31456
156.8419
200.6648
223.3619
228.8583
241.2213
299.1885
362.3003
406.8244
406.628
357.671
280.136
201.2972
142.6318
83.48771
51.30201
31.70861
13.8532
8.650386
7.533737
10.62053
9.164177
9.442304
4.269099
0.4580547
0
0
5.835266
13.13023
25.42125
32.59865
33.8608
25.5883
14.22714
3.443512
0.2689205
0
0
0
1.473896
3.548161
2.101416
1.31345
0.1628947
0
0
0
0
0
0
0
0
0
0
0
0
0
0
0
0
0
0
0
0
0
0
0
0
0
0
0
0
0
0
0
0
0
0
0
0
0
0
0
0
0
0
0
0
0
5.446761
9.957093
13.70879
6.073645
0.6388834
0
0
0
0.8371343
7.331489
6.737967
3.776862
0.4440245
0
0
7.658618
17.77317
37.26924
77.30652
121.611
174.6102
224.7683
254.3354
241.0678
207.9672
178.9257
155.5206
161.4331
167.0697
168.4759
157.0625
114.7904
78.1078
45.5908
23.6724
14.55682
18.54303
38.378
72.22852
115.0747
175.3115
212.6846
235.773
238.5757
232.826
261.4097
296.8699
324.3988
318.0272
289.6816
243.8262
176.4148
124.6119
71.48124
40.78022
17.69014
1.944256
0
1.242633
3.388685
9.195927
6.962925
5.446812
0.6981869
0
0
0
2.724994
11.26484
17.87708
21.10511
13.20698
7.09644
1.780665
0.1431765
0
0
0
0
0
0
0
0
0
0
0
0
0
0
0
0
0
0
0
0
0
0
0
0
0
0
0
0
0
0
0
0
0
0
0
0
0
0
0
0
0
0
0
0
0
0
0
0
0
0
0
0
0
0
0.3270245
0.146671
0.01474512
0
0
0
0
0
4.188603
8.82
8.389356
2.156506
0.3539675
0.535314
1.71841
16.63317
36.76955
66.69636
93.42885
119.0824
143.5384
151.9946
144.0013
145.8459
149.0535
164.3781
176.4067
186.7735
185.7173
177.855
150.9649
122.4963
89.17564
65.36951
61.60053
64.34424
85.09782
118.8813
154.9439
200.6234
224.4358
242.7075
240.0377
230.2454
211.6748
208.7339
210.0188
202.8443
196.3045
169.3435
140.1727
113.2485
71.38673
40.2577
19.628
3.530018
1.615571
2.223803
8.026904
10.87829
11.85068
5.19784
1.650058
0.1672626
0
0
0
3.785693
3.338232
5.336939
3.405468
0.4043071
0
0
0
0
0
0
0
0
0
0
0
0
0
0
0
0
0
0
0
0
0
0
0
0
0
0
0
0
0
0
0
0
0
0
0
0
0
0
0
0
0
0
0
0
0
0
0
0
0
0
0
0
0
0
0
0
0
2.055279
2.843783
4.149834
1.178335
1.149333
1.379647
5.390822
6.020128
8.652039
7.388666
7.052071
7.350045
9.927309
21.19029
33.4922
46.16827
58.6727
66.87805
67.61445
62.88627
63.74813
67.6178
84.63697
105.7818
139.0135
164.6236
184.5098
193.7126
195.9706
179.5827
157.4529
134.3142
111.1337
108.7849
114.4868
140.3236
171.5308
199.522
221.7487
234.5905
231.011
216.5688
192.5808
157.6139
126.8256
110.0399
97.94925
102.6621
97.94319
95.3685
88.18973
71.80227
63.23869
45.4337
27.90122
17.94179
13.40796
13.17332
14.35632
13.01516
9.62069
6.416584
3.698599
3.554983
2.929086
4.731413
6.306672
4.000893
3.087339
0.3969793
0
0
0
0
0
0
0
0
0
0
0
0
0
0
0
0
0
0
0
0
0
0
0
0
0
0
0
0
0
0
0
0
0
0
0
0
0
0
0
0
0
0
0
0
0
0
0
0
0
0
0
0
0
0
0
0
0
0
0
1.250019
2.839181
4.674291
3.507069
3.269785
1.046334
0.5815624
0.1812278
2.030257
10.81703
19.63485
30.60236
45.56716
53.34287
58.74826
54.39586
45.70307
32.94637
20.76895
13.51271
20.35035
33.43088
54.93488
82.73536
110.7945
134.3606
157.6704
170.4835
175.7632
168.9112
154.4584
137.1447
139.1955
147.8232
174.5874
197.6304
212.3436
213.5653
204.6593
176.9026
151.8296
127.4634
87.89712
61.17104
37.82244
28.89194
30.50632
44.95403
62.00103
71.40607
82.00297
77.65245
74.47874
59.93353
39.16768
21.75638
10.54758
6.887516
2.494485
1.371163
1.803826
3.867475
4.191126
4.329162
5.233155
5.662904
6.875629
5.293326
3.67518
1.583135
0.1711524
0
0
0
0
0
0
0
0
0
0
0
0
0
0
0
0
0
0
0
0
0
0
0
0
0
0
0
0
0
0
0
0
0
0
0
0
0
0
0
0
0
0
0
0
0
0
0
0
0
0
0.6088638
0.4897169
0.7417417
3.869738
3.742191
2.23122
2.832185
3.736693
7.324873
10.40757
6.759776
0.811542
0
0
0.087787
7.838703
20.28302
36.95827
44.86482
60.50721
65.9788
70.23109
59.15658
46.91601
32.62243
14.1233
5.752934
2.18521
11.56769
22.6778
41.18311
56.26092
74.71575
105.2921
130.3766
150.6985
162.9556
155.8616
155.5887
158.6168
163.4506
181.6206
198.6571
198.3843
174.9871
146.9172
107.3765
87.79613
69.02562
41.71806
22.8203
11.91564
9.21008
16.41005
34.98081
59.21857
71.14747
86.19692
90.35069
90.16274
76.64976
58.04131
37.52845
19.99189
4.775735
0.3701766
0
2.860634
6.786606
7.636996
14.36618
11.56957
9.801452
5.994255
4.549699
6.666025
5.358508
5.954379
10.97622
6.159072
0.9944464
0.04455747
0
0
0
0
0
0
0
0
0
0
0
0
0
0
0
0
0
0
0
0
0
0
0
0
0
0
0
0
0
0
0
0
0
0
0
0
0
0
0
0
0
0
0
0
0
0
2.45963
5.1783
6.04311
4.843747
4.679386
0.7229056
0.4685593
3.314803
6.411333
10.28928
5.881184
4.085351
0.518485
0
0.2244743
8.932296
22.9887
33.23891
41.96895
50.98122
60.91972
59.35612
54.54797
50.21668
40.51745
21.80311
8.985921
5.669803
7.393162
10.88584
10.70268
18.48189
30.33397
58.93848
87.43763
123.8167
143.9319
150.9388
153.7637
158.7107
165.541
175.2808
177.7433
163.9278
127.8109
88.964
50.17616
33.62605
25.06008
20.04261
13.56478
9.47841
15.67787
23.10584
41.6787
55.94909
69.51826
77.53251
75.49709
74.87579
67.5387
52.84018
37.60907
17.95029
4.491076
0.3766172
0
2.032316
9.771822
12.81939
11.85248
11.52318
9.00508
1.615113
0.3007493
4.037434
6.1139
7.156657
11.23215
7.500504
5.411256
5.246929
1.760602
0.1622849
0
0
0
0
0
0
0
0
0
0
0
0
0
0
0
0
0
0
0
0
0
0
0
0
0
0
0
0
0
0
0
0
0
0
0
0
0
0
0
0
0
0
0
0
0
5.284105
4.901444
2.412264
1.356084
1.101914
1.830865
5.84603
10.19788
11.4138
7.514817
5.618509
1.51989
0.6940703
1.971047
6.544796
16.44699
21.22075
31.24887
39.14768
46.00271
49.49414
50.23526
46.89907
39.66851
31.42323
20.33221
15.73783
9.959035
9.383847
3.448447
3.619054
10.29247
40.02941
66.8224
112.3209
143.2903
153.7186
164.1198
168.7841
174.1868
177.3638
170.3417
145.6157
99.7193
59.465
27.56769
13.95606
12.57572
16.45735
18.22328
16.80464
23.98272
34.39495
44.12574
54.80459
60.3967
59.77034
59.46696
53.84537
48.50331
37.84327
27.29152
14.30126
2.801953
0.1744795
0
2.958726
12.6941
14.06094
17.76218
16.35335
11.02634
3.226944
1.77184
3.991742
6.16679
9.082841
9.301437
10.92707
11.43737
6.028995
3.847817
0.4809399
0
0
0
0
0
0
0
0
0
0
0
0
0
0
0
0
0
0
0
0
0
0
0
0
0
0
0
0
0
0
0
0
0
0
0
0
0
0
0
0
0
0
0
0
0
0.5112318
0.3778618
0.2401621
0.3262835
0.5529797
2.099532
5.801501
10.30584
11.22475
8.459446
6.193603
1.532463
0.1143366
0
0.6168067
5.464373
10.69321
13.27896
15.74009
21.02104
26.76385
31.337
32.30497
35.56778
29.31309
24.94451
21.7245
15.41407
8.983958
2.710644
0.2488216
5.677002
32.45923
58.00686
102.4933
135.7117
153.81
171.7342
171.6312
172.6689
165.7176
159.8893
130.393
83.9718
46.57967
10.36243
2.441035
0.8762913
12.94028
19.28631
23.80689
30.46777
34.22344
40.55179
37.58428
39.53758
36.06801
31.08927
29.41706
23.73911
17.63344
11.90793
7.64735
1.23938
0.5534957
2.124294
4.899161
10.96941
12.55235
14.02454
14.00607
12.52924
5.12604
2.846541
1.863685
4.3
3.993389
5.231778
7.808732
8.385375
3.236511
0.9400895
0.09384212
0
0
0
0
0
0
0
0
0
0
0
0
0
0
0
0
0
0
0
0
0
0
0
0
0
0
0
0
0
0
0
0
0
0
0
0
0
0
0
0
0
0
0
0
0
0
0
0
0
1.247021
2.505142
3.0627
4.84193
7.628892
6.214124
9.987501
5.068003
1.847649
1.485823
1.048286
1.229622
2.569464
4.474701
3.706838
6.65048
8.365164
11.06778
15.69516
20.63645
22.73371
22.40933
21.2083
19.42275
13.77086
5.028767
0.9382361
8.491678
31.44351
58.01825
98.37399
126.3453
143.9981
159.9596
167.6177
167.4255
161.7732
143.9793
118.9418
73.38104
38.31668
12.12781
1.162925
1.80398
12.11581
22.4738
23.50979
25.6526
27.85028
27.81645
23.85061
20.95012
17.22723
13.41818
8.769519
5.360773
5.932856
4.709983
1.509681
2.053256
2.500313
8.396263
8.202744
11.33105
14.3965
11.78709
11.2024
12.65797
8.848072
6.316933
5.008601
3.038315
4.559443
4.261817
2.44468
1.665408
0.3840617
0.02655022
0
0
0
0
0
0
0
0
0
0
0
0
0
0
0
0
0
0
0
0
0
0
0
0
0
0
0
0
0
0
0
0
0
0
0
0
0
0
0
0
0
0
0
0
0
0
0
0
0
2.969603
4.90775
5.307354
3.899482
2.922818
4.381608
7.337131
11.31157
10.0212
10.72712
15.78631
9.956402
6.08531
1.649638
1.019628
1.167469
1.113237
2.603469
2.479126
2.803277
10.14258
12.05337
15.87327
20.87953
20.94108
17.65189
10.28559
5.047461
10.98762
30.54848
49.96132
77.20038
105.8116
118.5362
136.1071
141.0348
139.0767
130.6663
117.3839
91.24613
56.35741
33.39869
11.84054
2.035794
1.712971
11.68753
18.8155
20.68333
19.97772
16.82237
9.208143
7.717557
6.616928
3.804868
1.695759
4.700874
3.088736
2.728304
4.890345
9.84397
10.82611
15.29888
17.93162
17.38776
15.21006
12.17822
9.451828
6.245502
4.971663
6.807631
9.367351
9.902426
10.01604
5.15078
2.989372
0.3662372
0
0
0
0
0
0
0
0
0
0
0
0
0
0
0
0
0
0
0
0
0
0
0
0
0
0
0
0
0
0
0
0
0
0
0
0
0
0
0
0
0
0
0
0
0
0
0
0
0
0
0
0
0
1.139976
0.9266475
0.60996
0.0753658
0
0.7532095
7.848751
12.44258
17.72791
19.99418
12.50286
4.640051
0.4783728
0
0
0
0
0
0
0
4.155919
8.321511
9.078619
11.45237
11.53364
4.663295
5.605909
9.50145
19.74535
32.30947
53.17901
76.36491
94.65916
112.6422
121.318
121.5952
104.2143
85.46304
63.33681
39.41468
23.17871
6.12811
1.329974
3.335767
7.530307
11.7372
10.10637
5.300762
0.6100956
0
0
0
0
0
0
0
0
5.740356
15.08471
14.39907
21.89586
21.43415
18.866
12.76559
8.294708
2.780292
1.149478
0.8874186
1.125648
1.422721
1.719795
0.8565688
1.106034
0.1538236
0
0
0
0
0
0
0
0
0
0
0
0
0
0
0
0
0
0
0
0
0
0
0
0
0
0
0
0
0
0
0
0
0
0
0
0
0
0
0
0
0
0
0
0
0
0
0
0
0
0
0
0
0
0
0
0
0
0
0
0
7.299538
13.57291
19.82744
16.89513
11.06769
6.04195
0.7129394
0
0
0
0
0
0
0
0
0
2.934656
4.991904
3.778032
5.397329
5.87579
4.379585
11.4614
20.65799
36.62872
57.81154
75.68114
102.3596
108.2835
103.0895
82.88333
68.4102
47.9667
24.02959
11.69113
2.323244
1.550204
1.88561
1.304759
1.947982
0.5185455
0.03750129
0
0
0
0
0
0
0
0
0
0
8.807006
14.79456
22.00239
28.52834
23.36945
10.08402
5.538635
0.6778825
0
0
0
0
0
0
0
0
0
0
0
0
0
0
0
0
0
0
0
0
0
0
0
0
0
0
0
0
0
0
0
0
0
0
0
0
0
0
0
0
0
0
0
0
0
0
0
0
0
0
0
0
0
0
0
0
0
0
0
0
0
0
0
0
0
0
0
4.656036
11.20392
14.43981
16.74083
15.2663
12.51907
9.650892
1.224364
0
0
0
0
0
0
0
0
0
0
0.4279079
0.5662529
4.134465
6.132753
6.363505
12.93696
16.01844
34.43515
54.43387
73.24934
99.50879
106.8646
102.081
81.4447
62.28395
41.52133
25.09582
12.86386
7.066563
3.688264
0.4321651
0
0
0
0
0
0
0
0
0
0
0
0
0
3.74006
10.49334
14.10926
20.02029
19.97553
19.62054
16.6249
8.478431
4.883352
0.5961492
0
0
2.253938
3.457554
3.336617
0.4355443
0
0
0
0
0
0
0
0
0
0
0
0
0
0
0
0
0
0
0
0
0
0
0
0
0
0
0
0
0
0
0
0
0
0
0
0
0
0
0
0
0
0
0
0
0
0
0
0
0
0
0
0
0
0
0
0
0
0
0
0.3302587
1.581263
3.743376
3.23498
5.979351
4.364822
2.83155
2.443033
0.8811752
0.08560141
0
0
0
0
0
0
0
0
0
0
0
0
0.5510033
5.002243
10.12361
15.39975
30.03801
48.94644
68.39196
90.5273
97.6726
94.28614
74.53241
58.70375
40.60622
23.66227
13.71509
6.115463
0.892608
0.03256856
0
0
0
0
0
0
0
0
0
0
0
0
0.3302587
2.376288
1.864096
6.725881
9.056319
9.628979
10.0809
5.796239
2.363835
0.8191139
0.08560141
0.6788336
0.665921
0.2996684
0.4790189
1.696816
2.020085
0.2696353
0
0
0
0
0
0
0
0
0
0
0
0
0
0
0
0
0
0
0
0
0
0
0
0
0
0
0
0
0
0
0
0
0
0
0
0
0
0
0
0
0
0
0
0
0
0
0
0
0
0
0
0
0
0
0
0
0
0
0
0
0
0
0
0
0
0
0
0
0
0
0
0
0
0
0
0
0
0
0
0
0
3.00202
8.161917
16.9373
31.32929
45.36003
58.57724
74.2237
79.69259
79.51644
63.08949
47.09034
35.75008
21.0465
12.00218
4.725704
2.715592
0.3371891
0
0
0
0
0
0
0
0
0
0
0
0
0
0
0
0
0.02174739
0.04800959
0.04385061
0.005636815
0
0
0
0
0
0
0
0
0
0
0
0
0
0
0
0
0
0
0
0
0
0
0
0
0
0
0
0
0
0
0
0
0
0
0
0
0
0
0
0
0
0
0
0
0
0
0
0
0
0
0
0
0
0
0
0
0
0
0
0
0
0
0
0
0
0
0
0
0
0
0
0
0
0
0
0
0
0
0
0
1.750765
0.2663647
0
0
0
0
0
0
0
2.923568
5.471522
6.944138
17.05555
21.12265
25.6032
33.56333
41.24275
46.74392
47.59532
43.78187
38.79427
33.0965
27.76756
22.90335
15.01545
13.33142
7.058666
5.431336
5.018587
4.375948
5.49204
4.238276
3.335869
4.084459
3.796992
4.864963
4.192107
3.972341
5.343997
2.528437
0.2730824
0
0
0
0
0
0
0
0
0
0
0
0
0
0
0
0
0
0
0
0
0
0
0
0
0
0
0
0
0
0
0
0
0
0
0
0
0
0
0
0
0
0
0
0
0
0
0
0
0
0
0
0
0
0
0
0
0
0
0
0
0
0
0
0
0
0
0
0
0
0
0
0
0
0
0
0
0
0
0
0
0
0
0
0.5592488
0.9315032
0.7837475
1.233236
0.6359918
0.5340474
0.07052167
0.2720796
0.6006435
0.3571647
0.6006435
1.664401
2.551895
3.956686
8.14677
11.0594
13.99402
14.90459
13.32276
15.40616
18.49569
19.64382
18.80834
17.60378
15.45824
15.19251
15.46694
12.95224
11.24395
12.90581
11.01111
8.312778
6.798902
6.287126
2.147948
3.415672
1.972602
0.4977962
0.6963666
0.6588975
1.136665
3.466614
5.155405
3.262031
7.917518
4.033935
0.4394575
0
0
0
0
0
0
0
0
0
0
0
0
0
0
0
0
0
0
0
0
0
0
0
0
0
0
0
0
0
0
0
0
0
0
0
0
0
0
0
0
0
0
0
0
0
0
0
0
0
0
0
0
0
0
0
0
0
0
0
0
0
0
0
0
0
0
0
0
0
0
0
0
0
0
0
0
0
0
0
0
0.08083856
1.116763
0.6441778
1.359614
1.844263
0.8724006
0.0945722
0
0
0
1.587323
3.699762
3.347706
4.461201
7.935274
13.23154
11.85095
13.46076
10.99076
7.089048
13.1185
10.91282
9.416776
8.620214
6.661957
7.099483
8.283939
8.322877
7.596886
10.29231
13.93909
5.665024
9.424015
6.635696
2.246528
0.3961724
0.107738
0.01229893
0
0
0
0
0
0
0.4647049
0.8233058
0.1145027
0
0
0
0
0
0
0
0
0
0
0
0
0
0
0
0
0
0
0
0
0
0
0
0
0
0
0
0
0
0
0
0
0
0
0
0
0
0
0
0
0
0
0
0
0
0
0
0
0
0
0
0
0
0
0
0
0
0
0
0
0
0
0
0
0
0
0
0
0
0
0
0
0
0
0
0
0
0
0
0
0
0
0
0
0
0
0
0
0
0
0
0
0
0
0
1.871303
4.776274
8.484728
8.132818
6.446072
6.505985
5.781872
5.787232
6.380524
7.85586
7.256103
6.207786
4.761893
4.326064
6.317344
5.475293
10.1159
6.237644
4.312893
0.5449478
0
0
0
0
0
0
0
0
0
0
0
0
0
0
0
0
0
0
0
0
0
0
0
0
0
0
0
0
0
0
0
0
0
0
0
0
0
0
0
0
0
0
0
0
0
0
0
0
0
0
0
0
0
0
0
0
0
0
0
0
0
0
0
0
0
0
0
0
0
0
0
0
0
0
0
0
0
0
0
0
0
0
0
0
0
0
0
0
0
0
0
0
0
0
0
0
0
0
0
0
0
0
0
0
0
0
0
1.106342
1.590718
2.65179
2.931329
3.842099
4.004298
1.702857
5.888479
7.624155
7.826283
10.4198
9.127711
6.934892
4.308338
4.730808
2.77931
0.3254292
0
0
0
0
0
0
0
0
0
0
0
0
0
0
0
0
0
0
0
0
0
0
0
0
0
0
0
0
0
0
0
0
0
0
0
0
0
0
0
0
0
0
0
0
0
0
0
0
0
0
0
0
0
0
0
0
0
0
0
0
0
0
0
0
0
0
0
0
0
0
0
0
0
0
0
0
0
0
0
0
0
0
0
0
0
0
0
0
0
0
0
0
0
0
0
0
0
0
0
0
0
0
0
0
0
0
0
0
0
0
0
0
0
0
0
0.01021965
0.4631873
5.002948
5.062047
4.307742
4.645543
4.850562
2.52295
0.2859731
0
0
0
0
0
0
0
0
0
0
0
0
0
0
3.725021
1.833114
2.878272
1.655124
0.1896496
0
0
0
0
0
0
0
0
0
0
0
0
0
0
0
0
0
0
0
0
0
0
0
0
0
0
0
0
0
0
0
0
0
0
0
0
0
0
0
0
0
0
0
0
0
0
0
0
0
0
0
0
0
0
0
0
0
0
0
0
0
0
0
0
0
0
0
0
0
0
0
0
0
0
0
0
0
0
0
0
0
0
0
0
0
0
0
0
0
0
0
0
0
0
0
0
0
0
0
0
0
0
0
0.06497554
0.0241301
0.03332211
0.004739967
0
0
0
0
0
0
0
0
0
0
0
0
0
0
0
0
0
0
0
0
0
0
0
0
0
0
0
0
0
0
0
0
0
0
0
0
0
0
0
0
0
0
0
0
0
0
0
0
0
0
0
0
0
0
0
0
0
0
0
0
0
0
0
0
0
0
0
0
0
0
0
0
0
0
0
0
0
0
0
0
0
0
0
0
0
0
0
0
0
0
0
0
0
0
0
0
0
0
0
0
0
0
0
0
0
0
0
0
0
0
0
0
0
0
0
0
0
0
0
0
0
0
0
0
0
0
0
0
0
0
0
0
0
0
0
0
0
0
0
0
0
0
0
0
0
0
0
0
0
0
0
0
0
0
0
0
0
0
0
0
0
0
0
0
0
0
0
0
0
0
0
0
0
0
0
0
0
0
0
0
0
0
0
0
0
0
0
0
0
0
0
0
0
0
0
0
0
0
0
0
0
0
0
0
0
0
0
0
0
0
0
0
0
0
0
0
0
0
0
0
0
0
0
0
0
0
0
0
0
0
0
0
0
0
0
0
0
0
0
0
0
0
0
0
0
0
0
0
0
0
0
0
0
0
0
0
0
0
0
0
0
0
0
0
0
0
0
0
0
0
0
0
0
0
0
0
0
0
0
0
0
0
0
0
0
0
0
0
0
0
0
0
0
0
0
0
0
0
0
0
0
0
0
0
0
0
0
0
0
0
0
0
0
0
0
0
0
0
0
0
0
0
0
0
0
0
0
0
0
0
0
0
0
0
0
0
0
0
0
0
0
0
0
0
0
0
0
0
0
0
0
0
0
0
0
0
0
0
0
0
0
0
0
0
0
0
0
0
0
0
0
0
0
0
0
0
0
0
0
0
0
0
0
0
0
0
0
0
0
0
0
0
0
0
0
0
0
0
0
0
0
0
0
0
0
0
0
0
0
0
0
0
0
0
0
0
0
0
0
0
0
0
0
0
0
0
0
0
0
0
0
0
0
0
0
0
0
0
0
0
0
0
0
0
0
0
0
0
0
0
0
0
0
0
0
0
0
0
0
0
0
0
0
0
0
0
0
0
0
0
0
0
0
0
0
0
0
0
0
0
0
0
0
0
0
0
0
0
0
0
0
0
0
0
0
0
0
0
0
0
0
0
0
0
0
0
0
0
0
0
0
0
0
0
0
0
0
0
0
0
0
0
0
0
0
0
0
0
0
0
0
0
0
0
0
0
0
0
0
0
0
0
0
0
0
0
0
0
0
0
0
0
0
0
0
0
0
0
0
0
0
0
0
0
0
0
0
0
0
0
0
0
0
0
0
0
0
0
0
0
0
0
0
0
0
0
0
0
0
0
0
0
0
0
0
0
0
0
0
0
0
0
0
0
0
0
0
0
0
0
0
0
0
0
0
0
0
0
0
0
0
0
0
0
0
0
0
0
0
0
0
0
0
0
0
0
0
0
0
0
0
0
0
0
0
0
0
0
0
0
0
0
0
0
0
0
0
0
0
0
0
0
0
0
0
0
0
0
0
0
0
0
0
0
0
0
0
0
0
0
0
0
0
0
0
0
0
0
0
0
0
0
0
0
0
0
0
0
0
0
0
0
0
0
0
0
0
0
0
0
0
0
0
0
0
0
0
0
0
0
0
0
0
0
0
0
0
0
0
0
0
0
0
0
0
0
0
0
0
0
0
0
0
0
0
0
0
0
0
0
0
0
0
0
0
0
0
0
0
0
0
0
0
0
0
0
0
0
0
0
0
0
0
0
0
0
0
0
0
0
0
0
0
0
0
0
0
0
0
0
0
0
0
0
0
0
0
0
0
0
0
0
0
0
0
0
0
0
0
0
0
0
0
0
0
0
0
0
0
0
0
0
0
0
0
0
0
0
0
0
0
0
0
0
0
0
0
0
0
0
0
0
0
0
0
0
0
0
0
0
0
0
0
0
0
0
0
0
0
0
0
0
0
0
0
0
0
0
0
0
0
0
0
0
0
0
0
0
0
0
0
0
0
0
0
0
0
0
0
0
0
0
0
0
0
0
0
0
0
0
0
0
0
0
0
0
0
0
0
0
0
0
0
0
0
0
0
0
0
0
0
0
0
0
0
0
0
0
0
0
0
0
0
0
0
0
0
0
0
0
0
0
0
0
0
0
0
0
0
0
0
0
0
0
0
0
0
0
0
0
0
0
0
0
0
0
0
0
0
0
0
0
0
0
0
0
0
0
0
0
0
0
0
0
0
0
0
0
0
0
0
0
0
0
0
0
0
0
0
0
0
0
0
0
0
0
0
0
0
0
0
0
0
0
0
0
0
0
0
0
0
0
0
0
0
0
0
0
0
0
0
0
0
0
0
0
0
0
0
0
0
0
0
0
0
0
0
0
0
0
0
0
0
0
0
0
0
0
0
0
0
0
0
0
0
0
0
0
0
0
0
0
0
0
0
0
0
0
0
0
0
0
0
0
0
0
0
0
0
0
0
0
0
0
0
0
0
0
0
0
0
0
0
0
0
0
0
0
0
0
0
0
0
0
0
0
0
0
0
0
0
0
0
0
0
0
0
0
0
0
0
0
0
0
0
0
0
0
0
0
0
0
0
0
0
0
0
0
0
0
0
0
0
0
0
0
0
0
0
0
0
0
0
0
0
0
0
0
0
0
0
0
0
0
0
0
0
0
0
0
0
0
0
0
0
0
0
0
0
0
0
0
0
0
0
0
0
0
0
0
0
0
0
0
0
0
0
0
0
0
0
0
0
0
0
0
0
0
0
0
0
0
0
0
0
0
0
0
0
0
0
0
0
0
0
0
0
0
0
0
0
0
0
0
0
0
0
0
0
0
0
0
0
0
0
0
0
0
0
0
0
0
0
0
0
0
0
0
0
0
0
0
0
0
0
0
0
0
0
0
0
0
0
0
0
0
0
0
0
0
0
0
0
0
0
0
0
0
0
0
0
0
0
0
0
0
0
0
0
0
0
0
0
0
0
0
0
0
0
0
0
0
0
0
0
0
0
0
0
0
0
0
0
0
0
0
0
0
0
0
0
0
0
0
0
0
0
0
0
0
0
0
0
0
0
0
0
0
0
0
0
0
0
0
0
0
0
0
0
0
0
0
0
0
0
0
0
0
0
0
0
0
0
0
0
0
0
0
0
0
0
0
0
0
0
0
0
0
0
0
0
0
0
0
0
0
0
0
0
0
0
0
0
0
0
0
0
0
0
0
0
0
0
0
0
0
0
0
0
0
0
0
0
0
0
0
0
0
0
0
0
0
0
0
0
0
0
0
0
0
0
0
0
0
0
0
0
0
0
0
0
0
0
0
0
0
0
0
0
0
0
0
0
0
0
0
0
0
0
0
0
0
0
0
0
0
0
0
0
0
0
0
0
0
0
0
0
0
0
0
0
0
0
0
0
0
0
0
0
0
0
0
0
0
0
0
0
0
0
0
0
0
0
0
0
0
0
0
0
0
0
0
0
0
0
0
0
0
0
0
0
0
0
0
0
0
0
0
0
0
0
0
0
0
0
0
0
0
0
0
0
0
0
0
0
0
0
0
0
0
0
0
0
0
0
0
0
0
0
0
0
0
0
0
0
0
0
0
0
0
0
0
0
0
0
0
0
0
0
0
0
0
0
0
0
0
0
0
0
0
0
0
0
0
0
0
0
0
0
0
0
0
0
0
0
0
0
0
0
0
0
0
0
0
0
0
0
0
0
0
0
0
0
0
0
0
0
0
0
0
0
0
0
0
0
0
0
0
0
0
0
0
0
0
0
0
0
0
0
0
0
0
0
0
0
0
0
0
0
0
0
0
0
0
0
0
0
0
0
0
0
0
0
0
0
0
0
0
0
0
0
0
0
0
0
0
0
0
0
0
0
0
0
0
0
0
0
0
0
0
0
0
0
0
0
0
0
0
0
0
0
0
0
0
0
0
0
0
0
0
0
0
0
0
0
0
0
0
0
0
0
0
0
0
0
0
0
0
0
0
0
0
0
0
0
0
0
0
0
0
0
0
0
0
0
0
0
0
0
0
0
0
0
0
0
0
0
0
0
0
0
0
0
0
0
0
0
0
0
0
0
0
0
0
0
0
0
0
0
0
0
0
0
0
0
0
0
0
0
0
0
0
0
0
0
0
0
0
0
0
0
0
0
0
0
0
0
0
0
0
0
0
0
0
0
0
0
0
0
0
0
0
0
0
0
0
0
0
0
0
0
0
0
0
0
0
0
0
0
0
0
0
0
0
0
0
0
0
0
0
0
0
0
0
0
0
0
0
0
0
0
0
0
0
0
0
0
0
0
0
0
0
0
0
0
0
0
0
0
0
0
0
0
0
0
0
0
0
0
0
0
0
0
0
0
0
0
0
0
0
0
0
0
0
0
0
0
0
0
0
0
0
0
0
0
0
0
0
0
0
0
0
0
0
0
0
0
0
0
0
0
0
0
0
0
0
0
0
0
0
0
0
0
0
0
0
0
0
0
0
0
0
0
0
0
0
0
0
0
0
0
0
0
0
0
0
0
0
0
0
0
0
0
0
0
0
0
0
0
0
0
0
0
0
0
0
0
0
0
0
0
0
0
0
0
0
0
0
0
0
0
0
0
0
0
0
0
0
0
0
0
0
0
0
0
0
0
0
0
0
0
0
0
0
0
0
0
0
0
0
0
0
0
0
0
0
0
0
0
0
0
0
0
0
0
0
0
0
0
0
0
0
0
0
0
0
0
0
0
0
0
0
0
0
0
0
0
0
0
0
0
0
0
0
0
0
0
0
0
0
0
0
0
0
0
0
0
0
0
0
0
0
0
0
0
0
0
0
0
0
0
0
0
0
0
0
0
0
0
0
0
0
0
0
0
0
0
0
0
0
0
0
0
0
0
0
0
0
0
0
0
0
0
0
0
0
0
0
0
0
0
0
0
0
0
0
0
0
0
0
0
0
0
0
0
0
0
0
0
0
0
0
0
0
0
0
0
0
0
0
0
0
0
0
0
0
0
0
0
0
0
0
0
0
0
0
0
0
0
0
0
0
0
0
0
0
0
0
0
0
0
0
0
0
0
0
0
0
0
0
0
0
0
0
0
0
0
0
0
0
0
0
0
0
0
0
0
0
0
0
0
0
0
0
0
0
0
0
0
0
0
0
0
0
0
0
0
0
0
0
0
0
0
0
0
0
0
0
0
0
0
0
0
0
0
0
0
0
0
0
0
0
0
0
0
0
0
0
0
0
0
0
0
0
0
0
0
0
0
0
0
0
0
0
0
0
0
0
0
0
0
0
0
0
0
0
0
0
0
0
0
0
0
0
0
0
0
0
0
0
0
0
0
0
0
0
0
0
0
0
0
0
0
0
0
0
0
0
0
0
0
0
0
0
0
0
0
0
0
0
0
0
0
0
0
0
0
0
0
0
0
0
0
0
0
0
0
0
0
0
0
0
0
0
0
0
0
0
0
0
0
0
0
0
0
0
0
0
0
0
0
0
0
0
0
0
0
0
0
0
0
0
0
0
0
0
0
0
0
0
0
0
0
0
0
0
0
0
0
0
0
0
0
0
0
0
0
0
0
0
0
0
0
0
0
0
0
0
0
0
0
0
0
0
0
0
0
0
0
0
0
0
0
0
0
0
0
0
0
0
0
0
0
0
0
0
0
0
0
0
0
0
0
0
0
0
0
0
0
0
0
0
0
0
0
0
0
0
0
0
0
0
0
0
0
0
0
0
0
0
0
0
0
0
0
0
0
0
0
0
0
0
0
0
0
0
0
0
0
0
0
0
0
0
0
0
0
0
0
0
0
0
0
0
0
0
0
0
0
0
0
0
0
0
0
0
0
0
0
0
0
0
0
0
0
0
0
0
0
0
0
0
0
0
0
0
0
0
0
0
0
0
0
0
0
0
0
0
0
0
0
0
0
0
0
0
0
0
0
0
0
0
0
0
0
0
0
0
0
0
0
0
0
0
0
0
0
0
0
0
0
0
0
0
0
0
0
0
0
0
0
0
0
0
0
0
0
0
0
0
0
0
0
0
0
0
0
0
0
0
0
0
0
0
0
0
0
0
0
0
0
0
0
0
0
0
0
0
0
0
0
0
0
0
0
0
0
0
0
0
0
0
0
0
0
0
0
0
0
0
0
0
0
0
0
0
0
0
0
0
0
0
0
0
0
0
0
0
0
0
0
0
0
0
0
0
0
0
0
0
0
0
0
0
0
0
0
0
0
0
0
0
0
0
0
0
0
0
0
0
0
0
0
0
0
0
0
0
0
0
0
0
0
0
0
0
0
0
0
0
0
0
0
0
0
0
0
0
0
0
0
0
0
0
0
0
0
0
0
0
0
0
0
0
0
0
0
0
0
0
0
0
0
0
0
0
0
0
0
0
0
0
0
0
0
0
0
0
0
0
0
0
0
0
0
0
0
0
0
0
0
0
0
0
0
0
0
0
0
0
0
0
0
0
0
0
0
0
0
0
0
0
0
0
0
0
0
0
0
0
0
0
0
0
0
0
0
0
0
0
0
0
0
0
0
0
0
0
0
0
0
0
0
0
0
0
0
0
0
0
0
0
0
0
0
0
0
0
0
0
0
0
0
0
0
0
0
0
0
0
0
0
0
0
0
0
0
0
0
0
0
0
0
0
0
0
0
0
0
0
0
0
0
0
0
0
0
0
0
0
0
0
0
0
0
0
0
0
0
0
0
0
0
0
0
0
0
0
0
0
0
0
0
0
0
0
0
0
0
0
0
0
0
0
0
0
0
0
0
0
0
0
0
0
0
0
0
0
0
0
0
0
0
0
0
0
0
0
0
0
0
0
0
0
0
0
0
0
0
0
0
0
0
0
0
0
0
0
0
0
0
0
0
0
0
0
0
0
0
0
0
0
0
0
0
0
0
0
0
0
0
0
0
0
0
0
0
0
0
0
0
0
0
0
0
0
0
0
0
0
0
0
0
0
0
0
0
0
0
0
0
0
0
0
0
0
0
0
0
0
0
0
0
0
0
0
0
0
0
0
0
0
0
0
0
0
0
0
0
0
0
0
0
0
0
0
0
0
0
0
0
0
0
0
0
0
0
0
0
0
0
0
0
0
0
0
0
0
0
0
0
0
0
0
0
0
0
0
0
0
0
0
0
0
0
0
0
0
0
0
0
0
0
0
0
0
0
0
0
0
0
0
0
0
0
0
0
0
0
0
0
0
0
0
0
0
0
0
0
0
0
0
0
0
0
0
0
0
0
0
0
0
0
0
0
0
0
0
0
0
0
0
0
0
0
0
0
0
0
0
0
0
0
0
0
0
0
0
0
0
0
0
0
0
0
0
0
0
0
0
0
0
0
0
0
0
0
0
0
0
0
0
0
0
0
0
0
0
0
0
0
0
0
0
0
0
0
0
0
0
0
0
0
0
0
0
0
0
0
0
0
0
0
0
0
0
0
0
0
0
0
0
0
0
0
0
0
0
0
0
0
0
0
0
0
0
0
0
0
0
0
0
0
0
0
0
0
0
0
0
0
0
0
0
0
0
0
0
0
0
0
0
0
0
0
0
0
0
0
0
0
0
0
0
0
0
0
0
0
0
0
0
0
0
0
0
0
0
0
0
0
0
0
0
0
0
0
0
0
0
0
0
0
0
0
0
0
0
0
0
0
0
0
0
0
0
0
0
0
0
0
0
0
0
0
0
0
0
0
0
0
0
0
0
0
0
0
0
0
0
0
0
0
0
0
0
0
0
0
0
0
0
0
0
0
0
0
0
0
0
0
0
0
0
0
0
0
0
0
0
0
0
0
0
0
0
0
0
0
0
0
0
0
0
0
0
0
0
0
0
0
0
0
0
0
0
0
0
0
0
0
0
0
0
0
0
0
0
0
0
0
0
0
0
0
0
0
0
0
0
0
0
0
0
0
0
0
0
0
0
0
0
0
0
0
0
0
0
0
0
0
0
0
0
0
0
0
0
0
0
0
0
0
0
0
0
0
0
0
0
0
0
0
0
0
0
0
0
0
0
0
0
0
0
0
0
0
0
0
0
0
0
0
0
0
0
0
0
0
0
0
0
0
0
0
0
0
0
0
0
0
0
0
0
0
0
0
0
0
0
0
0
0
0
0
0
0
0
0
0
0
0
0
0
0
0
0
0
0
0
0
0
0
0
0
0
0
0
0
0
0
0
0
0
0
0
0
0
0
0
0
0
0
0
0
0
0
0
0
0
0
0
0
0
0
0
0
0
0
0
0
0
0
0
0
0
0
0
