SHG FROG
Grid size is 128
 
*********** Test Field. ************
Experimental FROG trace loaded from C:\Users\Y-Fi Production 1\Desktop\B19 FROG tutorial\FROG 24 - through shaper - SLM off - realignment\data
Number of delay points: 128
Number of wavelength points: 790
Delay spacing: 5 fs
Wavelength spacing: 0.162 nm
Center wavelength: 400 nm
DataOrder: Wavelength
Read in as constant Wavelength bins
 
Edge noise subtraction.
Edge noise subtraction.
Edge noise subtraction.
Edge noise subtraction.
Edge noise subtraction.
Edge noise subtraction.
Edge noise subtraction.
Trace center in delay found at pixel 65.87
There were -5.143 too many wavelength points.
Wavelength Center at pixel 381.6
Wavelength shift of -2.178 nm.
 
--- 
Central wavelength of retrieved field is 795.6 nm.
 
Basic
1   0.060869
2   0.056252
3   0.053592
4   0.051841
5   0.050193
6   0.045161
7   0.038417
8   0.033897
9   0.03142
10   0.030358
11   0.030381
12   0.030357
13   0.030354
14   0.030555
15   0.030533
16   0.03054
17   0.030112
18   0.029455
19   0.029124
20   0.029684
21   0.030522
22   0.031259
23   0.031738
24   0.032113
25   0.032213
26   0.030659
27   0.028007
28   0.02838
29   0.030177
30   0.031898
31   0.033241
32   0.033419
33   0.034456
34   0.034523
35   0.034148
36   0.034403
 
Projections
37   0.02457
38   0.023659
39   0.022904
40   0.022179
41   0.024171
42   0.021693
43   0.020886
44   0.02026
45   0.019701
46   0.023714
47   0.020208
48   0.019133
49   0.018566
50   0.018104
51   0.024677
52   0.019267
53   0.017867
54   0.017186
55   0.016632
56   0.02069
57   0.016841
58   0.015602
59   0.014911
60   0.014481
61   0.016562
62   0.01457
63   0.014012
64   0.013818
65   0.013738
66   0.015267
67   0.014026
68   0.013713
69   0.013624
70   0.013602
71   0.015607
72   0.014154
73   0.013792
74   0.013692
75   0.013665
76   0.01556
77   0.014161
78   0.013846
79   0.013748
80   0.013719
81   0.01561
 
Proj. - Overstep
82   0.013611
83   0.013639
84   0.013664
85   0.013684
86   0.0137
87   0.013714
88   0.013726
89   0.013737
90   0.013748
91   0.013757
 
IntenGate
92   0.016366
93   0.014705
94   0.015533
95   0.016161
96   0.015929
97   0.017348
98   0.017748
99   0.016894
100   0.017823
101   0.018766
 
Expo
102   0.016785
103   0.020905
104   0.022686
105   0.023817
106   0.02398
107   0.024094
108   0.023895
109   0.022489
110   0.031376
111   0.03479
 
Projections
112   0.022034
113   0.019486
114   0.018489
115   0.017845
116   0.017282
117   0.016822
118   0.016416
119   0.016051
120   0.015708
121   0.015403
122   0.015132
123   0.014885
124   0.014672
125   0.014483
126   0.014317
127   0.01417
128   0.014049
129   0.01395
130   0.013877
131   0.013817
132   0.013774
133   0.013746
134   0.013728
135   0.013717
136   0.013712
137   0.013709
138   0.01371
139   0.013711
140   0.013714
 
Projections
141   0.020493
142   0.016396
143   0.01502
144   0.014518
145   0.014263
146   0.014101
147   0.014004
148   0.013945
149   0.013907
150   0.013881
151   0.013863
152   0.01385
153   0.013839
154   0.013829
155   0.013819
156   0.013812
157   0.013808
158   0.013805
159   0.013804
 
Basic
160   0.016366
161   0.019844
162   0.021602
163   0.022369
164   0.022688
165   0.022751
166   0.022607
167   0.022802
168   0.02317
169   0.023467
 
Projections
170   0.013603
171   0.013611
172   0.013622
173   0.013634
174   0.015767
175   0.014195
176   0.013837
177   0.013734
178   0.013706
179   0.015626
 
Proj. - Overstep
180   0.013611
181   0.013639
182   0.013664
183   0.013684
184   0.0137
185   0.013714
186   0.013726
187   0.013737
188   0.013748
189   0.013757
 
IntenGate
190   0.016366
191   0.014705
192   0.015533
193   0.016161
194   0.015929
195   0.017348
196   0.017748
197   0.016894
198   0.017823
199   0.018766
 
Expo
200   0.016785
201   0.020905
202   0.022686
203   0.023817
204   0.02398
205   0.024094
206   0.023895
207   0.022489
208   0.031376
209   0.03479
 
Projections
210   0.022034
211   0.019486
212   0.018489
213   0.017845
214   0.017282
215   0.016822
216   0.016416
217   0.016051
218   0.015708
219   0.015403
220   0.015132
221   0.014885
222   0.014672
223   0.014483
224   0.014317
225   0.01417
226   0.014049
227   0.01395
228   0.013877
229   0.013817
230   0.013774
231   0.013746
232   0.013728
233   0.013717
234   0.013712
235   0.013709
236   0.01371
237   0.013711
238   0.013714
 
Projections
239   0.017914
240   0.015083
241   0.014199
242   0.013903
243   0.013799
244   0.013769
245   0.013767
246   0.013772
247   0.013777
248   0.013781
249   0.013785
250   0.013789
251   0.013792
 
Basic
252   0.016366
253   0.019844
254   0.021602
255   0.022369
256   0.022688
257   0.022751
258   0.022607
259   0.022802
260   0.02317
261   0.023467
 
Projections
262   0.013603
263   0.013611
264   0.013622
265   0.013634
266   0.015767
267   0.014195
268   0.013837
269   0.013734
270   0.013706
271   0.015626
 
Proj. - Overstep
272   0.013611
273   0.013639
274   0.013664
275   0.013684
276   0.0137
277   0.013714
278   0.013726
279   0.013737
280   0.013748
281   0.013757
 
IntenGate
282   0.016366
283   0.014705
284   0.015533
285   0.016161
286   0.015929
287   0.017348
288   0.017748
289   0.016894
290   0.017823
291   0.018766
 
Expo
292   0.016785
293   0.020905
294   0.022686
295   0.023817
296   0.02398
297   0.024094
298   0.023895
299   0.022489
300   0.031376
301   0.03479
 
Projections
302   0.022034
303   0.019486
304   0.018489
305   0.017845
306   0.017282
307   0.016822
308   0.016416
309   0.016051
310   0.015708
311   0.015403
312   0.015132
313   0.014885
314   0.014672
315   0.014483
316   0.014317
317   0.01417
318   0.014049
319   0.01395
320   0.013877
321   0.013817
322   0.013774
323   0.013746
324   0.013728
325   0.013717
326   0.013712
327   0.013709
328   0.01371
329   0.013711
330   0.013714
 
Projections
331   0.018093
332   0.014906
333   0.014342
334   0.0141
335   0.013981
336   0.013917
337   0.013883
338   0.013864
339   0.013852
340   0.013844
341   0.013839
342   0.013835
343   0.013832
344   0.013829
345   0.013827
 
Basic
346   0.016366
347   0.019844
348   0.021602
349   0.022369
350   0.022688
351   0.022751
352   0.022607
353   0.022802
354   0.02317
355   0.023467
 
Projections
356   0.013603
357   0.013611
358   0.013622
359   0.013634
360   0.015767
361   0.014195
362   0.013837
363   0.013734
364   0.013706
365   0.015626
 
Proj. - Overstep
366   0.013611
367   0.013639
368   0.013664
369   0.013684
370   0.0137
371   0.013714
372   0.013726
373   0.013737
374   0.013748
375   0.013757
 
IntenGate
376   0.016366
377   0.014705
378   0.015533
379   0.016161
380   0.015929
381   0.017348
382   0.017748
383   0.016894
384   0.017823
385   0.018766
 
Expo
386   0.016785
387   0.020905
388   0.022686
389   0.023817
390   0.02398
391   0.024094
392   0.023895
393   0.022489
394   0.031376
395   0.03479
 
Projections
396   0.022034
397   0.019486
398   0.018489
399   0.017845
400   0.017282
401   0.016822
402   0.016416
403   0.016051
404   0.015708
405   0.015403
406   0.015132
407   0.014885
408   0.014672
409   0.014483
410   0.014317
411   0.01417
412   0.014049
413   0.01395
414   0.013877
415   0.013817
416   0.013774
417   0.013746
418   0.013728
419   0.013717
420   0.013712
421   0.013709
422   0.01371
423   0.013711
424   0.013714
 
Projections
425   0.018092
426   0.014945
427   0.014179
428   0.013995
429   0.013903
430   0.013844
431   0.013803
432   0.013776
433   0.013762
434   0.013747
435   0.013739
436   0.013735
437   0.013734
438   0.013734
439   0.013735
 
Basic
440   0.016366
441   0.019844
442   0.021602
443   0.022369
444   0.022688
445   0.022751
446   0.022607
447   0.022802
448   0.02317
449   0.023467
 
Projections
450   0.013603
451   0.013611
452   0.013622
453   0.013634
454   0.015767
455   0.014195
456   0.013837
457   0.013734
458   0.013706
459   0.015626
 
Proj. - Overstep
460   0.013611
461   0.013639
462   0.013664
463   0.013684
464   0.0137
465   0.013714
466   0.013726
467   0.013737
468   0.013748
469   0.013757
 
IntenGate
470   0.016366
471   0.014705
472   0.015533
473   0.016161
474   0.015929
475   0.017348
476   0.017748
477   0.016894
478   0.017823
479   0.018766
 
Expo
480   0.016785
481   0.020905
482   0.022686
483   0.023817
484   0.02398
485   0.024094
486   0.023895
487   0.022489
488   0.031376
489   0.03479
 
Projections
490   0.022034
491   0.019486
492   0.018489
493   0.017845
494   0.017282
495   0.016822
496   0.016416
497   0.016051
498   0.015708
499   0.015403
500   0.015132
501   0.014885
502   0.014672
503   0.014483
504   0.014317
505   0.01417
506   0.014049
507   0.01395
508   0.013877
509   0.013817
510   0.013774
511   0.013746
512   0.013728
513   0.013717
514   0.013712
515   0.013709
516   0.01371
517   0.013711
518   0.013714
 
Projections
519   0.020516
520   0.015673
521   0.01434
522   0.013933
523   0.013746
524   0.013648
525   0.0136
526   0.013577
527   0.013577
528   0.013587
529   0.0136
530   0.013614
531   0.013628
532   0.013642
533   0.013654
534   0.013665
535   0.013675
536   0.013684
 
Basic
537   0.016027
538   0.019271
539   0.021009
540   0.021755
541   0.022101
542   0.022334
543   0.022483
544   0.022801
545   0.023299
546   0.023575
 
Projections
547   0.013587
548   0.0136
549   0.013614
550   0.013628
551   0.016068
552   0.014287
553   0.013896
554   0.013787
555   0.013753
556   0.015674
 
Proj. - Overstep
557   0.013605
558   0.013635
559   0.013661
560   0.013682
561   0.013698
562   0.013712
563   0.013724
564   0.013735
565   0.013746
566   0.013756
 
IntenGate
567   0.016027
568   0.014857
569   0.015817
570   0.016254
571   0.015616
572   0.016497
573   0.017462
574   0.017041
575   0.018159
576   0.018819
 
Expo
577   0.016407
578   0.020314
579   0.02216
580   0.023341
581   0.022871
582   0.0232
583   0.02503
584   0.025601
585   0.025023
586   0.034179
 
Projections
587   0.024857
588   0.021084
589   0.018857
590   0.017396
591   0.016435
592   0.015793
593   0.01536
594   0.015057
595   0.014835
596   0.014665
597   0.014529
598   0.014414
599   0.014318
600   0.014238
601   0.014172
602   0.014115
603   0.014068
604   0.014029
605   0.013996
606   0.013968
607   0.013945
608   0.013925
609   0.013904
610   0.013885
611   0.013872
612   0.013863
613   0.013855
614   0.013849
615   0.013844
616   0.01384
617   0.013837
 
Projections
618   0.01989
619   0.015706
620   0.014388
621   0.014018
622   0.013905
623   0.013867
624   0.013851
625   0.013843
626   0.013839
627   0.013836
628   0.013833
629   0.013832
630   0.01383
631   0.013829
 
Basic
632   0.016027
633   0.019271
634   0.021009
635   0.021755
636   0.022101
637   0.022334
638   0.022483
639   0.022801
640   0.023299
641   0.023575
 
Projections
642   0.013587
643   0.0136
644   0.013614
645   0.013628
646   0.016068
647   0.014287
648   0.013896
649   0.013787
650   0.013753
651   0.015674
 
Proj. - Overstep
652   0.013605
653   0.013635
654   0.013661
655   0.013682
656   0.013698
657   0.013712
658   0.013724
659   0.013735
660   0.013746
661   0.013756
 
IntenGate
662   0.016027
663   0.014857
664   0.015817
665   0.016254
666   0.015616
667   0.016497
668   0.017462
669   0.017041
670   0.018159
671   0.018819
 
Expo
672   0.016407
673   0.020314
674   0.02216
675   0.023341
676   0.022871
677   0.0232
678   0.02503
679   0.025601
680   0.025023
681   0.034179
 
Projections
682   0.024857
683   0.021084
684   0.018857
685   0.017396
686   0.016435
687   0.015793
688   0.01536
689   0.015057
690   0.014835
691   0.014665
692   0.014529
693   0.014414
694   0.014318
695   0.014238
696   0.014172
697   0.014115
698   0.014068
699   0.014029
700   0.013996
701   0.013968
702   0.013945
703   0.013925
704   0.013904
705   0.013885
706   0.013872
707   0.013863
708   0.013855
709   0.013849
710   0.013844
711   0.01384
712   0.013837
 
Projections
713   0.018047
714   0.014867
715   0.013957
716   0.01374
717   0.013701
718   0.013701
719   0.013709
720   0.013718
721   0.013727
722   0.013733
723   0.013737
724   0.013739
 
Basic
725   0.016027
726   0.019271
727   0.021009
728   0.021755
729   0.022101
730   0.022334
731   0.022483
732   0.022801
733   0.023299
734   0.023575
 
Projections
735   0.013587
736   0.0136
737   0.013614
738   0.013628
739   0.016068
740   0.014287
741   0.013896
742   0.013787
743   0.013753
744   0.015674
 
Proj. - Overstep
745   0.013605
746   0.013635
747   0.013661
748   0.013682
749   0.013698
750   0.013712
751   0.013724
752   0.013735
753   0.013746
754   0.013756
 
IntenGate
755   0.016027
756   0.014857
757   0.015817
758   0.016254
759   0.015616
760   0.016497
761   0.017462
762   0.017041
763   0.018159
764   0.018819
 
Expo
765   0.016407
766   0.020314
767   0.02216
768   0.023341
769   0.022871
770   0.0232
771   0.02503
772   0.025601
773   0.025023
774   0.034179
 
Projections
775   0.024857
776   0.021084
777   0.018857
778   0.017396
779   0.016435
780   0.015793
781   0.01536
782   0.015057
783   0.014835
784   0.014665
785   0.014529
786   0.014414
787   0.014318
788   0.014238
789   0.014172
790   0.014115
791   0.014068
792   0.014029
793   0.013996
794   0.013968
795   0.013945
796   0.013925
797   0.013904
798   0.013885
799   0.013872
800   0.013863
801   0.013855
802   0.013849
803   0.013844
804   0.01384
805   0.013837
 
Projections
806   0.017394
807   0.014805
808   0.014065
809   0.013853
810   0.013779
811   0.013754
812   0.013748
813   0.013747
814   0.013748
815   0.01375
816   0.013751
817   0.013753
818   0.013755
 
Basic
819   0.016027
820   0.019271
821   0.021009
822   0.021755
823   0.022101
824   0.022334
825   0.022483
826   0.022801
827   0.023299
828   0.023575
 
Projections
829   0.013587
830   0.0136
831   0.013614
832   0.013628
833   0.016068
834   0.014287
835   0.013896
836   0.013787
837   0.013753
838   0.015674
 
Proj. - Overstep
839   0.013605
840   0.013635
841   0.013661
842   0.013682
843   0.013698
844   0.013712
845   0.013724
846   0.013735
847   0.013746
848   0.013756
 
IntenGate
849   0.016027
850   0.014857
851   0.015817
852   0.016254
853   0.015616
854   0.016497
855   0.017462
856   0.017041
857   0.018159
858   0.018819
 
Expo
859   0.016407
860   0.020314
861   0.02216
862   0.023341
863   0.022871
864   0.0232
865   0.02503
866   0.025601
867   0.025023
868   0.034179
 
Projections
869   0.024857
870   0.021084
871   0.018857
872   0.017396
873   0.016435
874   0.015793
875   0.01536
876   0.015057
877   0.014835
878   0.014665
879   0.014529
880   0.014414
881   0.014318
882   0.014238
883   0.014172
884   0.014115
885   0.014068
886   0.014029
887   0.013996
888   0.013968
889   0.013945
890   0.013925
891   0.013904
892   0.013885
893   0.013872
894   0.013863
895   0.013855
896   0.013849
897   0.013844
898   0.01384
899   0.013837
 
Projections
900   0.019546
901   0.01572
902   0.014342
903   0.013914
904   0.013751
905   0.013675
906   0.013635
907   0.013609
908   0.013593
909   0.013585
910   0.013582
911   0.013588
912   0.0136
913   0.013614
 
Basic
914   0.016027
915   0.019271
916   0.021009
917   0.021755
918   0.022101
919   0.022334
920   0.022483
921   0.022801
922   0.023299
923   0.023575
 
Projections
924   0.013587
925   0.0136
926   0.013614
927   0.013628
928   0.016068
929   0.014287
930   0.013896
931   0.013787
932   0.013753
933   0.015674
 
Proj. - Overstep
934   0.013605
935   0.013635
936   0.013661
937   0.013682
938   0.013698
939   0.013712
940   0.013724
941   0.013735
942   0.013746
943   0.013756
 
IntenGate
944   0.016027
945   0.014857
946   0.015817
947   0.016254
948   0.015616
949   0.016497
950   0.017462
951   0.017041
952   0.018159
953   0.018819
 
Expo
954   0.016407
955   0.020314
956   0.02216
957   0.023341
958   0.022871
959   0.0232
960   0.02503
961   0.025601
962   0.025023
963   0.034179
 
Projections
964   0.024857
965   0.021084
966   0.018857
967   0.017396
968   0.016435
969   0.015793
970   0.01536
971   0.015057
972   0.014835
973   0.014665
974   0.014529
975   0.014414
976   0.014318
977   0.014238
978   0.014172
979   0.014115
980   0.014068
981   0.014029
982   0.013996
983   0.013968
984   0.013945
985   0.013925
986   0.013904
987   0.013885
988   0.013872
989   0.013863
990   0.013855
991   0.013849
992   0.013844
993   0.01384
994   0.013837
 
Projections
995   0.018321
996   0.015147
997   0.014315
998   0.014052
999   0.013916
1000   0.013846
1001   0.013812
1002   0.013796
1003   0.013787
1004   0.013781
1005   0.013777
1006   0.013774
1007   0.013771
1008   0.013769
1009   0.013768
 
Basic
1010   0.016027
1011   0.019271
1012   0.021009
1013   0.021755
1014   0.022101
1015   0.022334
1016   0.022483
1017   0.022801
1018   0.023299
1019   0.023575
 
Projections
1020   0.013587
1021   0.0136
1022   0.013614
1023   0.013628
1024   0.016068
1025   0.014287
1026   0.013896
1027   0.013787
1028   0.013753
1029   0.015674
 
Proj. - Overstep
1030   0.013605
1031   0.013635
1032   0.013661
1033   0.013682
1034   0.013698
1035   0.013712
1036   0.013724
1037   0.013735
1038   0.013746
1039   0.013756
 
IntenGate
1040   0.016027
1041   0.014857
1042   0.015817
1043   0.016254
1044   0.015616
1045   0.016497
1046   0.017462
1047   0.017041
1048   0.018159
1049   0.018819
 
Expo
1050   0.016407
1051   0.020314
1052   0.02216
1053   0.023341
1054   0.022871
1055   0.0232
1056   0.02503
1057   0.025601
1058   0.025023
1059   0.034179
 
Projections
1060   0.024857
1061   0.021084
1062   0.018857
1063   0.017396
1064   0.016435
1065   0.015793
1066   0.01536
1067   0.015057
1068   0.014835
1069   0.014665
1070   0.014529
1071   0.014414
1072   0.014318
1073   0.014238
1074   0.014172
1075   0.014115
1076   0.014068
1077   0.014029
1078   0.013996
1079   0.013968
1080   0.013945
1081   0.013925
1082   0.013904
1083   0.013885
1084   0.013872
1085   0.013863
1086   0.013855
1087   0.013849
1088   0.013844
1089   0.01384
1090   0.013837
 
Projections
1091   0.020023
1092   0.015447
1093   0.014133
1094   0.013813
1095   0.013728
1096   0.013697
1097   0.013686
1098   0.013685
1099   0.013689
1100   0.013694
1101   0.013699
1102   0.013704
1103   0.013709
 
Basic
1104   0.016027
1105   0.019271
1106   0.021009
1107   0.021755
1108   0.022101
1109   0.022334
1110   0.022483
1111   0.022801
1112   0.023299
1113   0.023575
 
Projections
1114   0.013587
1115   0.0136
1116   0.013614
1117   0.013628
1118   0.016068
1119   0.014287
1120   0.013896
1121   0.013787
1122   0.013753
1123   0.015674
 
Proj. - Overstep
1124   0.013605
1125   0.013635
1126   0.013661
1127   0.013682
1128   0.013698
1129   0.013712
1130   0.013724
1131   0.013735
1132   0.013746
1133   0.013756
 
IntenGate
1134   0.016027
1135   0.014857
1136   0.015817
1137   0.016254
1138   0.015616
1139   0.016497
1140   0.017462
1141   0.017041
1142   0.018159
1143   0.018819
 
Expo
1144   0.016407
1145   0.020314
1146   0.02216
1147   0.023341
1148   0.022871
1149   0.0232
1150   0.02503
1151   0.025601
1152   0.025023
1153   0.034179
 
Projections
1154   0.024857
1155   0.021084
1156   0.018857
1157   0.017396
1158   0.016435
1159   0.015793
1160   0.01536
1161   0.015057
1162   0.014835
1163   0.014665
1164   0.014529
1165   0.014414
1166   0.014318
1167   0.014238
1168   0.014172
1169   0.014115
1170   0.014068
1171   0.014029
1172   0.013996
1173   0.013968
1174   0.013945
1175   0.013925
1176   0.013904
1177   0.013885
1178   0.013872
1179   0.013863
1180   0.013855
1181   0.013849
1182   0.013844
1183   0.01384
1184   0.013837
 
Projections
1185   0.020849
1186   0.016016
1187   0.014567
1188   0.014199
1189   0.014004
1190   0.013888
1191   0.013817
1192   0.013776
1193   0.013755
1194   0.013745
1195   0.013741
1196   0.013741
1197   0.013742
1198   0.013745
1199   0.013748
 
Basic
1200   0.016027
1201   0.019271
1202   0.021009
1203   0.021755
1204   0.022101
1205   0.022334
1206   0.022483
1207   0.022801
1208   0.023299
1209   0.023575
 
Projections
1210   0.013587
1211   0.0136
1212   0.013614
1213   0.013628
1214   0.016068
1215   0.014287
1216   0.013896
1217   0.013787
1218   0.013753
1219   0.015674
 
Proj. - Overstep
1220   0.013605
1221   0.013635
1222   0.013661
1223   0.013682
1224   0.013698
1225   0.013712
1226   0.013724
1227   0.013735
1228   0.013746
1229   0.013756
 
IntenGate
1230   0.016027
1231   0.014857
1232   0.015817
1233   0.016254
1234   0.015616
1235   0.016497
1236   0.017462
1237   0.017041
1238   0.018159
1239   0.018819
 
Expo
1240   0.016407
1241   0.020314
1242   0.02216
1243   0.023341
1244   0.022871
1245   0.0232
1246   0.02503
1247   0.025601
1248   0.025023
1249   0.034179
 
Projections
1250   0.024857
1251   0.021084
1252   0.018857
1253   0.017396
1254   0.016435
1255   0.015793
1256   0.01536
1257   0.015057
1258   0.014835
1259   0.014665
1260   0.014529
1261   0.014414
1262   0.014318
1263   0.014238
1264   0.014172
1265   0.014115
1266   0.014068
1267   0.014029
1268   0.013996
1269   0.013968
1270   0.013945
1271   0.013925
1272   0.013904
1273   0.013885
1274   0.013872
1275   0.013863
1276   0.013855
1277   0.013849
1278   0.013844
1279   0.01384
1280   0.013837
 
Projections
1281   0.01835
1282   0.01525
1283   0.014315
1284   0.014003
1285   0.013857
1286   0.013781
1287   0.013738
1288   0.01371
1289   0.013696
1290   0.013695
1291   0.013698
1292   0.013702
1293   0.013707
1294   0.013711
1295   0.013715
 
Basic
1296   0.016027
1297   0.019271
1298   0.021009
1299   0.021755
1300   0.022101
1301   0.022334
1302   0.022483
1303   0.022801
1304   0.023299
1305   0.023575
 
Projections
1306   0.013587
1307   0.0136
1308   0.013614
1309   0.013628
1310   0.016068
1311   0.014287
1312   0.013896
1313   0.013787
1314   0.013753
1315   0.015674
 
Proj. - Overstep
1316   0.013605
1317   0.013635
1318   0.013661
1319   0.013682
1320   0.013698
1321   0.013712
1322   0.013724
1323   0.013735
1324   0.013746
1325   0.013756
 
IntenGate
1326   0.016027
1327   0.014857
1328   0.015817
1329   0.016254
1330   0.015616
1331   0.016497
1332   0.017462
1333   0.017041
1334   0.018159
1335   0.018819
 
Expo
1336   0.016407
1337   0.020314
1338   0.02216
1339   0.023341
1340   0.022871
1341   0.0232
1342   0.02503
1343   0.025601
1344   0.025023
1345   0.034179
 
Projections
1346   0.024857
1347   0.021084
1348   0.018857
1349   0.017396
1350   0.016435
1351   0.015793
1352   0.01536
1353   0.015057
1354   0.014835
1355   0.014665
1356   0.014529
1357   0.014414
1358   0.014318
1359   0.014238
1360   0.014172
1361   0.014115
1362   0.014068
1363   0.014029
1364   0.013996
1365   0.013968
1366   0.013945
1367   0.013925
1368   0.013904
1369   0.013885
1370   0.013872
1371   0.013863
1372   0.013855
1373   0.013849
1374   0.013844
1375   0.01384
1376   0.013837
 
Projections
1377   0.017977
1378   0.015256
1379   0.014318
1380   0.013994
1381   0.013866
1382   0.013812
1383   0.013786
1384   0.013773
1385   0.013767
1386   0.013764
1387   0.013763
1388   0.013763
1389   0.013765
1390   0.013767
 
Basic
1391   0.016027
1392   0.019271
1393   0.021009
1394   0.021755
1395   0.022101
1396   0.022334
1397   0.022483
1398   0.022801
1399   0.023299
1400   0.023575
 
Projections
1401   0.013587
1402   0.0136
1403   0.013614
1404   0.013628
1405   0.016068
1406   0.014287
1407   0.013896
1408   0.013787
1409   0.013753
1410   0.015674
 
Proj. - Overstep
1411   0.013605
1412   0.013635
1413   0.013661
1414   0.013682
1415   0.013698
1416   0.013712
1417   0.013724
1418   0.013735
1419   0.013746
1420   0.013756
 
IntenGate
1421   0.016027
1422   0.014857
1423   0.015817
1424   0.016254
1425   0.015616
1426   0.016497
1427   0.017462
1428   0.017041
 
 
The minimum FROG error was 0.013577
 
**************** Retrieved Field ******************
Temporal FWHM: 31.324 fs.
Spectral FWHM: 40.386 nm.
Autocorrelation FWHM: 50.191 fs.
Time-Bandwidth Product - FWHM: 0.61003
Time-Bandwidth Product - RMS: 2.4341
Time-Bandwidth Product - Temporal Laplacian: 0.83406
Time-Bandwidth Product - Spectral Laplacian: 1.6323
