-320  0  4.364487E-6  0  1.040124E-7  458.6407
-315  0  4.237086E-6  0  1.083237E-7  457.5478
-310  0  4.413713E-6  0  1.13053E-7  456.46
-305  0  5.005267E-6  0  1.183493E-7  455.3774
-300  0  5.95118E-6  0  1.252436E-7  454.2999
-295  0  7.388491E-6  0  1.357912E-7  453.2275
-290  0  1.023622E-5  0  1.530391E-7  452.1601
-285  0  1.596296E-5  0  1.785777E-7  451.0978
-280  0  2.563282E-5  0  2.091456E-7  450.0404
-275  0  3.943738E-5  0  2.435778E-7  448.988
-270  0  5.686863E-5  0  2.875995E-7  447.9405
-265  0  7.746135E-5  0  3.85133E-7  446.8979
-260  0  0.000102163  0  5.517167E-7  445.8601
-255  0  0.0001337012  0  8.751135E-7  444.8272
-250  0  0.0001747889  0  1.80341E-6  443.799
-245  0  0.0002265584  0  3.296931E-6  442.7755
-240  0  0.000289859  0  4.755287E-6  441.7568
-235  0  0.0003681868  0  5.828445E-6  440.7427
-230  0  0.0004689562  0  9.694601E-6  439.7333
-225  0  0.0005997315  0  2.087689E-5  438.7285
-220  0  0.0007582864  0  4.25704E-5  437.7282
-215  0  0.00092598  0  7.68291E-5  436.7325
-210  0  0.001082027  0  0.0001279187  435.7414
-205  2.888384E-5  0.001235714  0  0.000207367  434.7547
-200  0.0002241479  0.001444405  0  0.0003275861  433.7725
-195  0.0005689725  0.001803119  0  0.0004989956  432.7947
-190  0.0006537784  0.002428693  0  0.0007585113  431.8213
-185  0.0014774  0.003436738  0  0.00120305  430.8523
-180  0.004545816  0.004868844  5.643065E-6  0.001963871  429.8876
-175  0.007207714  0.00658923  0.001668507  0.003080981  428.9273
-170  0.009722096  0.008274224  0.003483122  0.004529882  427.9712
-165  0.01010294  0.009581296  0.005287873  0.006394391  427.0194
-160  0.009320595  0.01041334  0.009659055  0.008897987  426.0717
-155  0.009082062  0.01107086  0.01436397  0.01225109  425.1283
-150  0.009992727  0.01212018  0.02319692  0.01649074  424.1891
-145  0.01457828  0.01403108  0.02671889  0.02169765  423.254
-140  0.01806031  0.01693247  0.03493994  0.02814249  422.323
-135  0.02568917  0.02079503  0.04457782  0.03597861  421.3961
-130  0.03514687  0.02583915  0.0453221  0.04492988  420.4733
-125  0.04308767  0.03259848  0.0590096  0.05449636  419.5544
-120  0.05091054  0.04137028  0.08289654  0.0650876  418.6396
-115  0.05647791  0.05140064  0.09860823  0.07829787  417.7288
-110  0.05545406  0.06054931  0.1161565  0.09498225  416.822
-105  0.05606887  0.06621264  0.1401764  0.1141243  415.919
-100  0.05859949  0.06763143  0.1544502  0.1346535  415.02
-95  0.06831038  0.06819753  0.1863098  0.1574648  414.1248
-90  0.09751012  0.07539393  0.211117  0.1842122  413.2335
-85  0.1299811  0.09738529  0.2525505  0.2154907  412.346
-80  0.179699  0.1380677  0.2751664  0.251793  411.4624
-75  0.2234871  0.1936794  0.3061387  0.2933929  410.5825
-70  0.255327  0.2531721  0.346446  0.3381408  409.7063
-65  0.2883126  0.302789  0.3804018  0.3825998  408.8339
-60  0.2897692  0.3330262  0.4327333  0.4257707  407.9652
-55  0.2988675  0.3438727  0.4707449  0.4699408  407.1002
-50  0.3028185  0.3443657  0.5199499  0.5185596  406.2389
-45  0.3237666  0.3465433  0.5608238  0.5719777  405.3812
-40  0.3376392  0.3590265  0.6276452  0.6244382  404.5271
-35  0.3808712  0.3860006  0.6719971  0.667913  403.6765
-30  0.4378801  0.4313615  0.7111214  0.7026527  402.8296
-25  0.542842  0.5015489  0.764531  0.7385202  401.9862
-20  0.6675739  0.6018367  0.8155669  0.7818317  401.1463
-15  0.7963976  0.7278619  0.8446556  0.8295783  400.31
-10  0.9479512  0.8590943  0.87505  0.8763835  399.4771
-5  1  0.9611609  0.926268  0.9171645  398.6476
0  0.9858655  1  0.9327542  0.9465844  397.8217
5  0.8749873  0.9611609  0.9857234  0.9649468  396.9991
10  0.7563762  0.8590943  0.9748678  0.9792203  396.1799
15  0.6420048  0.7278619  1  0.992893  395.3641
20  0.5238786  0.6018367  0.9833709  1  394.5516
25  0.4495753  0.5015489  0.9683261  0.9906191  393.7425
30  0.3997645  0.4313615  0.9566205  0.9585159  392.9367
35  0.3754378  0.3860006  0.9241416  0.9074932  392.1342
40  0.3655688  0.3590265  0.8781772  0.8517595  391.3349
45  0.3528361  0.3465433  0.8333049  0.8016115  390.5389
50  0.3556748  0.3443657  0.7916441  0.7520731  389.7462
55  0.3530453  0.3438727  0.7198187  0.6924718  388.9566
60  0.3299349  0.3330262  0.6487467  0.6199502  388.1702
65  0.2832173  0.302789  0.5589379  0.5394958  387.3871
70  0.2282927  0.2531721  0.4955501  0.458411  386.607
75  0.1759285  0.1936794  0.4153644  0.3835138  385.8301
80  0.1362712  0.1380677  0.358033  0.318856  385.0563
85  0.0991668  0.09738529  0.2911267  0.2640685  384.2857
90  0.07644869  0.07539393  0.2349584  0.2160248  383.518
95  0.07472322  0.06819753  0.1811157  0.1722999  382.7535
100  0.07410932  0.06763143  0.1393373  0.1328089  381.992
105  0.0743654  0.06621264  0.1035513  0.09886713  381.2335
110  0.06846592  0.06054931  0.07846535  0.07148166  380.478
115  0.06464146  0.05140064  0.05854027  0.05053788  379.7256
120  0.05600624  0.04137028  0.04165185  0.03506773  378.976
125  0.04404154  0.03259848  0.03043517  0.02388724  378.2295
130  0.0328728  0.02583915  0.01598208  0.01595071  377.4859
135  0.02615938  0.02079503  0.01195588  0.01041686  376.7451
140  0.0193308  0.01693247  0.005962958  0.00664341  376.0073
145  0.01487343  0.01403108  0.003074371  0.004152204  375.2724
150  0.01364027  0.01212018  0.0009414111  0.00256527  374.5404
155  0.01498078  0.01107086  0.0005944561  0.001573666  373.8112
160  0.01637408  0.01041334  0  0.0009513222  373.0848
165  0.0161363  0.009581296  0  0.0005594676  372.3612
170  0.01400751  0.008274224  0  0.0003193564  371.6405
175  0.0106271  0.00658923  0  0.0001794237  370.9225
180  0.006218155  0.004868844  0  0.000100973  370.2073
185  0.003570102  0.003436738  0  5.695507E-5  369.4949
190  0.002660946  0.002428693  0  3.173149E-5  368.7852
195  0.001835359  0.001803119  0  1.740555E-5  368.0782
200  0.001828372  0.001444405  0  9.645338E-6  367.3739
205  0.00145981  0.001235714  0  5.486352E-6  366.6723
210  0.0009662432  0.001082027  0  3.143163E-6  365.9734
215  0.0008431909  0.00092598  0  1.784418E-6  365.2771
220  0.0003778223  0.0007582864  0  1.039165E-6  364.5835
225  0.0002482953  0.0005997315  0  6.64589E-7  363.8925
230  0.0001883254  0.0004689562  0  4.727572E-7  363.2041
235  0.0001032078  0.0003681868  0  3.563796E-7  362.5184
240  1.207405E-5  0.000289859  0  2.807302E-7  361.8352
245  0  0.0002265584  0  2.370836E-7  361.1546
250  0  0.0001747889  0  2.12138E-7  360.4765
255  0  0.0001337012  0  1.957119E-7  359.801
260  0  0.000102163  0  1.838175E-7  359.128
265  0  7.746135E-5  0  1.764375E-7  358.4575
270  0  5.686863E-5  0  1.694053E-7  357.7895
275  0  3.943738E-5  0  1.661343E-7  357.124
280  0  2.563282E-5  0  1.653023E-7  356.461
285  0  1.596296E-5  0  1.651928E-7  355.8004
290  0  1.023622E-5  0  1.639684E-7  355.1423
295  0  7.388491E-6  0  1.642979E-7  354.4866
300  0  5.95118E-6  0  1.65715E-7  353.8334
305  0  5.005267E-6  0  1.684822E-7  353.1825
310  0  4.413713E-6  0  1.707253E-7  352.534
315  0  4.237086E-6  0  1.735779E-7  351.8879
