-320  8.418134E-6  0.0001213806  0  3.154663E-7  459.5007
-315  5.871589E-5  0.0001670574  0  4.767468E-7  458.4036
-310  6.644363E-5  0.0002292375  0  7.867797E-7  457.3118
-305  0.0001136315  0.0003126062  0  1.357558E-6  456.2252
-300  0.0001948539  0.0004233938  0  2.263195E-6  455.1437
-295  0.0002891327  0.0005692522  0  3.744724E-6  454.0673
-290  0.0004839934  0.0007593717  0  6.195041E-6  452.996
-285  0.0004886523  0.001004987  0  1.038457E-5  451.9297
-280  0.0007461063  0.001319273  0  1.772898E-5  450.8684
-275  0.001027561  0.001717603  0  2.996142E-5  449.8122
-270  0.001348397  0.002218215  0  4.934915E-5  448.7608
-265  0.001536021  0.002841989  0  7.934219E-5  447.7144
-260  0.001872521  0.00361193  0  0.0001242978  446.6728
-255  0.002366727  0.004554001  0  0.0001910344  445.6361
-250  0.002892403  0.005699479  0  0.0002873725  444.6041
-245  0.003341696  0.007086476  0  0.0004228253  443.577
-240  0.003932909  0.008759678  0  0.0006095891  442.5545
-235  0.00455956  0.01076901  0  0.0008611327  441.5368
-230  0.005339999  0.0131664  0  0.001192424  440.5237
-225  0.006427397  0.01600383  0  0.001616546  439.5153
-220  0.00743163  0.01933622  0  0.002144025  438.5115
-215  0.009255225  0.02322433  0.0002763425  0.002791933  437.5123
-210  0.0119165  0.02773453  0.0009110831  0.003581931  436.5176
-205  0.01463418  0.03293986  0.001845159  0.004555111  435.5274
-200  0.01896476  0.03892128  0.002419814  0.005761586  434.5417
-195  0.0235119  0.04576782  0.003912089  0.007260904  433.5604
-190  0.02961306  0.05357472  0.005233677  0.009107209  432.5836
-185  0.04125087  0.06244091  0.008075372  0.0113552  431.6112
-180  0.05063678  0.07246174  0.0113895  0.01406597  430.6431
-175  0.06339046  0.08371735  0.01340136  0.01730786  429.6794
-170  0.08016985  0.09627163  0.01925697  0.02115325  428.7199
-165  0.0972652  0.1101857  0.02392065  0.02567664  427.7648
-160  0.1177403  0.1255342  0.0308929  0.03098112  426.8138
-155  0.1406123  0.1424163  0.03988533  0.03717513  425.8671
-150  0.1611835  0.1609491  0.04883652  0.04438884  424.9246
-145  0.1915386  0.1812365  0.05774154  0.05274094  423.9863
-140  0.2150879  0.2033373  0.06764304  0.06233672  423.0521
-135  0.2426189  0.2272532  0.08244893  0.07325648  422.122
-130  0.281735  0.2529379  0.09458943  0.08562157  421.196
-125  0.3094744  0.2803234  0.1132701  0.09963777  420.274
-120  0.3430619  0.3093447  0.1291795  0.1155273  419.356
-115  0.3810928  0.3399508  0.1515931  0.133436  418.4421
-110  0.4158794  0.372097  0.172925  0.1533564  417.5321
-105  0.4547233  0.4057217  0.1952494  0.175273  416.6261
-100  0.4867903  0.4407246  0.2224886  0.1992288  415.724
-95  0.5164083  0.4769518  0.2438084  0.2254433  414.8258
-90  0.5598187  0.5141903  0.27996  0.2541432  413.9315
-85  0.5916622  0.5521775  0.3005116  0.2853301  413.0411
-80  0.6257355  0.5906159  0.3402022  0.3186488  412.1544
-75  0.670703  0.6291907  0.3651879  0.353579  411.2716
-70  0.7038936  0.6675845  0.4070442  0.3898125  410.3925
-65  0.744552  0.7054779  0.4342626  0.4274385  409.5171
-60  0.7825206  0.7425419  0.475231  0.4668126  408.6455
-55  0.8158876  0.7784215  0.5117039  0.5080863  407.7776
-50  0.8571529  0.8127254  0.5548802  0.5510181  406.9134
-45  0.8802753  0.8450418  0.5975733  0.595019  406.0529
-40  0.9040405  0.8749762  0.6293976  0.6395069  405.1959
-35  0.9296835  0.9022002  0.680125  0.6840384  404.3426
-30  0.9464613  0.9264851  0.714465  0.7282938  403.4929
-25  0.9572464  0.9476843  0.7611732  0.7717616  402.6467
-20  0.9714135  0.9656629  0.7904152  0.8136478  401.8041
-15  0.9907577  0.980214  0.8523513  0.8529571  400.965
-10  1  0.9910242  0.8535121  0.8888426  400.1293
-5  0.9985903  0.9977243  0.9078663  0.9206944  399.2972
0  0.9953728  1  0.9347485  0.9479349  398.4685
5  0.9928815  0.9977243  0.9587394  0.9699888  397.6433
10  0.9753355  0.9910242  0.9878759  0.9863281  396.8214
15  0.9633227  0.980214  0.993972  0.9964951  396.003
20  0.9430842  0.9656629  0.9925402  1  395.1879
25  0.9187319  0.9476843  0.9864416  0.9962337  394.3762
30  0.8989617  0.9264851  1  0.9845409  393.5678
35  0.866661  0.9022002  0.979961  0.9646442  392.7627
40  0.8443996  0.8749762  0.9563426  0.9367059  391.9609
45  0.810999  0.8450418  0.9134108  0.9012457  391.1623
50  0.783199  0.8127254  0.8856279  0.8587603  390.367
55  0.7538753  0.7784215  0.8246213  0.8094523  389.5749
60  0.7115571  0.7425419  0.7660051  0.7533674  388.7861
65  0.6772731  0.7054779  0.6875399  0.690763  388.0004
70  0.6397044  0.6675845  0.6267197  0.622484  387.2179
75  0.6021042  0.6291907  0.5512549  0.550198  386.4386
80  0.5691596  0.5906159  0.483922  0.476289  385.6623
85  0.5358734  0.5521775  0.412199  0.4035838  384.8892
90  0.49975  0.5141903  0.3484553  0.3349633  384.1192
95  0.4717125  0.4769518  0.2863324  0.2728174  383.3523
100  0.4341706  0.4407246  0.2350477  0.2186505  382.5884
105  0.4051408  0.4057217  0.1883218  0.1729311  381.8275
110  0.3784968  0.372097  0.1490712  0.1352635  381.0697
115  0.3431477  0.3399508  0.1169922  0.1047319  380.3149
120  0.3180135  0.3093447  0.09133539  0.08022748  379.563
125  0.2941792  0.2803234  0.06939071  0.06067588  378.8142
130  0.2701032  0.2529379  0.05204011  0.04517905  378.0682
135  0.2469083  0.2272532  0.0383107  0.03302369  377.3252
140  0.2201419  0.2033373  0.02977546  0.0236456  376.5852
145  0.2002325  0.1812365  0.02096537  0.01657733  375.848
150  0.1831824  0.1609491  0.01365593  0.01139799  375.1137
155  0.1593633  0.1424163  0.009314745  0.007711662  374.3822
160  0.142136  0.1255342  0.004979701  0.005151824  373.6537
165  0.1256095  0.1101857  0.003490653  0.003406736  372.9279
170  0.1064486  0.09627163  0.001778958  0.002232172  372.2049
175  0.09269531  0.08371735  0.001169384  0.001447155  371.4848
180  0.07974051  0.07246174  0.0004964274  0.0009231787  370.7674
185  0.06737372  0.06244091  0.0003920452  0.0005748073  370.0528
190  0.05865014  0.05357472  5.9924E-5  0.0003469801  369.341
195  0.0474941  0.04576782  0  0.0002018201  368.6319
200  0.04047514  0.03892128  0  0.0001127164  367.9255
205  0.0347445  0.03293986  0  6.040745E-5  367.2218
210  0.02840769  0.02773453  0  3.129028E-5  366.5207
215  0.02392898  0.02322433  0  1.585399E-5  365.8224
220  0.02081107  0.01933622  0  8.021809E-6  365.1267
225  0.01732998  0.01600383  0  4.166011E-6  364.4337
230  0.01531758  0.0131664  0  2.26642E-6  363.7433
235  0.01246632  0.01076901  0  1.320008E-6  363.0554
240  0.01032075  0.008759678  0  8.22602E-7  362.3702
245  0.008814719  0.007086476  0  5.555929E-7  361.6876
250  0.007022006  0.005699479  0  3.985524E-7  361.0075
255  0.006062955  0.004554001  0  3.035878E-7  360.33
260  0.005094006  0.00361193  0  2.483804E-7  359.6551
265  0.004109152  0.002841989  0  2.157472E-7  358.9826
270  0.003420363  0.002218215  0  1.927936E-7  358.3127
275  0.002823569  0.001717603  0  1.799657E-7  357.6452
280  0.002354877  0.001319273  0  1.728679E-7  356.9803
285  0.00183065  0.001004987  0  1.690969E-7  356.3178
290  0.001431496  0.0007593717  0  1.70399E-7  355.6577
295  0.001379233  0.0005692522  0  1.765029E-7  355.0002
300  0.001117417  0.0004233938  0  1.955688E-7  354.345
305  0.0008223825  0.0003126062  0  2.319563E-7  353.6922
310  0.0008302354  0.0002292375  0  2.870375E-7  353.0419
315  0  0.0001670574  0  3.776455E-7  352.3939
