1085.221  4.837705E-8  0  -6.22348E-5  -0.0002999613
1082.163  1.042283E-8  0  9.443369E-5  -0.0001057754
1079.122  5.156659E-8  0  7.712828E-5  0.0003049056
1076.098  1.218642E-8  0  -9.710682E-5  0.0001175402
1073.091  5.830077E-8  0  -0.000111543  -0.0003132817
1070.1  1.51167E-8  0  7.400154E-5  -0.0001517833
1067.127  5.207772E-8  0  0.0001325848  0.000283036
1064.169  1.217121E-8  0  -3.80086E-5  0.0001458078
1061.228  4.919672E-8  0  -0.0001166016  -0.0002786946
1058.304  1.285463E-8  0  4.90343E-5  -0.0001459844
1055.395  5.491042E-8  0  0.0001440263  0.0002828531
1052.502  1.490971E-8  0  -2.592756E-5  0.0001628935
1049.625  5.024918E-8  0  -0.0001465786  -0.0002640198
1046.764  1.278698E-8  0  1.823581E-5  -0.0001508205
1043.918  5.546435E-8  0  0.000152796  0.0002760761
1041.088  1.483859E-8  0  -1.793407E-5  0.0001617747
1038.273  6.102027E-8  0  -0.000166031  -0.0002842364
1035.473  2.125981E-8  0  3.389573E-5  -0.0001907874
1032.689  7.42081E-8  0  0.000241489  0.0002684105
1029.919  3.130386E-8  0  6.34176E-5  0.0002251111
1027.164  3.610241E-8  0  -0.0001754263  -0.0001788012
1024.424  6.2763E-9  0  -3.892205E-5  -9.661706E-5
1021.698  7.614767E-8  0  0.0001524692  0.0003281606
1018.987  3.591868E-8  0  -6.921199E-5  0.0002380014
1016.29  1.073324E-7  0  -0.0003544849  -0.0002386425
1013.608  4.519166E-8  0  -0.000160284  -0.0002253674
1010.939  3.980111E-8  0  0.0001679915  0.0001969346
1008.285  1.893279E-8  0  2.377382E-5  0.000176467
1005.644  6.940964E-8  0  -0.0002589079  -0.0002204441
1003.017  1.561397E-8  0  -2.791861E-5  -0.0001584172
1000.404  1.392415E-7  0  0.0003762913  0.0002965722
997.8047  9.442204E-8  0  0.0002524592  0.0003018582
995.2187  6.958837E-9  0  -3.883833E-5  -9.922265E-5
992.6461  4.54451E-8  0  0.0002612736  -7.415047E-5
990.0867  4.191489E-7  0  0.0007484595  0.000341508
987.5404  2.510072E-7  0  0.000555602  0.0003074694
985.0073  2.315598E-8  0  8.218557E-5  -0.0001739365
982.4871  9.48896E-8  0  0.0002677514  -0.0002814049
979.9797  2.981024E-7  0  0.0006866491  9.771079E-6
977.4852  6.600234E-8  0  0.0003147654  -6.931182E-5
975.0033  2.508327E-7  0  -0.0003581341  -0.0005143193
972.5339  2.311938E-7  0  -0.0001408019  -0.0005834165
970.0771  2.362287E-7  0  0.0004987111  -0.0003427455
967.6326  2.356381E-7  0  0.0002697546  -0.0005391341
965.2004  7.101134E-7  0  -0.0003547656  -0.0009817718
962.7804  3.872525E-7  0  -0.0001001979  -0.0007624033
960.3725  3.334E-8  0  0.0002186907  -5.317083E-5
957.9767  6.929299E-7  0  -0.001007437  0.000180496
955.5927  4.178315E-6  0  -0.00248877  0.0003016864
953.2206  3.102473E-6  0  -0.001378908  0.001655957
950.8602  1.093867E-5  0  0.001794835  0.003615227
948.5115  1.561377E-5  0  0.003533552  0.003263946
946.1744  5.420292E-6  0  0.002744686  -0.0006781918
943.8488  2.044028E-5  0  0.001333807  -0.005311874
941.5345  2.931803E-5  0  -0.000580361  -0.006517297
939.2316  2.260797E-5  0  -0.004545517  -0.00349149
936.9399  4.635531E-5  0  -0.008122201  0.00103037
934.6594  3.718743E-5  0  -0.005892404  0.004335063
932.39  2.644737E-5  0  0.00160232  0.005941893
930.1315  5.94355E-5  0  0.006703875  0.006305542
927.884  4.075422E-5  0  0.005912044  0.004779793
925.6473  1.738456E-5  0  0.004953316  3.407992E-5
923.4213  7.261998E-5  0  0.007021749  -0.007259357
921.2061  0.0001229904  29.51531  0.003778729  -0.01255578
919.0014  0.0001662611  28.316  -0.01197897  -0.009370545
916.8073  0.0006261973  27.47752  -0.02899709  0.005116755
914.6236  0.0009135269  26.87236  -0.02522765  0.02494769
912.4503  0.0009815774  25.93892  0.005209408  0.03631853
910.2873  0.001766569  25.0782  0.04140441  0.02639968
908.1345  0.002291672  24.41387  0.05553554  -0.005388052
905.9919  0.002461275  23.65272  0.03773094  -0.04363771
903.8594  0.003239174  22.92386  -0.001051321  -0.0660149
901.7369  0.003930515  22.29978  -0.0433315  -0.05819795
899.6243  0.004561412  21.64652  -0.07499738  -0.0213649
897.5216  0.006070495  21.00375  -0.0838302  0.03205645
895.4288  0.008027118  20.3983  -0.05814703  0.08497485
893.3456  0.01038984  19.75695  0.004818954  0.1167706
891.2721  0.01435085  19.10841  0.08720465  0.1057055
889.2083  0.01894799  18.49594  0.1514651  0.04168152
887.1539  0.02253237  17.87489  0.1604058  -0.05900911
885.1091  0.02681541  17.23508  0.1017078  -0.1557572
883.0736  0.03275165  16.63133  -0.005183026  -0.2050472
881.0475  0.03788458  16.06315  -0.1230829  -0.1824617
879.0306  0.04223427  15.48569  -0.2135624  -0.09026414
877.023  0.04846172  14.90088  -0.2435684  0.0455621
875.0245  0.05524154  14.32878  -0.1918655  0.1812749
873.0351  0.06022731  13.75014  -0.06406347  0.2674174
871.0548  0.0656994  13.16339  0.09869405  0.2690208
869.0834  0.07152188  12.60151  0.2361515  0.1822582
867.1209  0.07398998  12.05874  0.3007398  0.03459283
865.1672  0.0754026  11.50846  0.2764175  -0.1287002
863.2223  0.08001625  10.96588  0.1750011  -0.2599816
861.2862  0.08557095  10.4509  0.02502876  -0.3223924
859.3587  0.08967794  9.949419  -0.1358844  -0.3010438
857.4398  0.09529384  9.456033  -0.2697389  -0.2065125
855.5295  0.1047332  8.987661  -0.3492837  -0.06537912
853.6277  0.1167776  8.548316  -0.3623514  0.09418733
851.7343  0.1303739  8.12281  -0.3069626  0.2481333
849.8493  0.1464952  7.699027  -0.1880272  0.372737
847.9726  0.1660222  7.280022  -0.0213644  0.4429342
846.1041  0.186285  6.874529  0.1639232  0.4390963
844.2439  0.2023867  6.481063  0.3325426  0.3564148
842.3919  0.2136632  6.091711  0.4541191  0.2086432
840.548  0.2238797  5.707405  0.509896  0.02366404
838.7121  0.2349253  5.336057  0.4944349  -0.1665836
836.8842  0.2467353  4.97968  0.4144064  -0.3360403
835.0643  0.2610658  4.635638  0.2840825  -0.4681638
833.2523  0.2800338  4.303323  0.1196828  -0.5531273
831.4481  0.3039908  3.983857  -0.06246976  -0.5850358
829.6517  0.332025  3.679777  -0.244829  -0.5626012
827.863  0.3613167  3.392329  -0.4104222  -0.489349
826.0821  0.388807  3.115783  -0.5469921  -0.3712911
824.3088  0.4156019  2.84279  -0.6466901  -0.216716
822.5431  0.4434423  2.575373  -0.7019019  -0.03930271
820.7849  0.4673687  2.320181  -0.7059259  0.1425515
819.0343  0.4821915  2.076653  -0.6595521  0.3127498
817.2911  0.4929043  1.84124  -0.5734697  0.4620342
815.5553  0.5070213  1.61723  -0.462012  0.5848536
813.8269  0.5238758  1.410124  -0.3366322  0.6769222
812.1057  0.5422609  1.220014  -0.2057404  0.7394418
810.3919  0.5689539  1.046014  -0.07627253  0.7808191
808.6852  0.6088164  0.8896519  0.04774368  0.808436
806.9857  0.6543494  0.749464  0.1657723  0.8212543
805.2934  0.6940396  0.620555  0.2774549  0.8151167
803.6081  0.7255853  0.5009708  0.3802951  0.7919782
801.9299  0.7527822  0.3921054  0.4717232  0.7582356
800.2587  0.7749636  0.2936339  0.5507879  0.7170466
798.5944  0.7879978  0.20445  0.616308  0.6693159
796.937  0.7927694  0.1277674  0.6663982  0.6207191
795.2865  0.796736  0.06890832  0.7020545  0.5806884
793.6429  0.8077549  0.02863538  0.7283518  0.5546064
792.006  0.8282928  0.004916885  0.7491168  0.5428409
790.3758  0.8550687  0  0.7622592  0.5466687
788.7523  0.8833406  0.01831116  0.7628845  0.5685552
787.1355  0.9102653  0.05866467  0.748971  0.6066813
785.5253  0.9343022  0.1161256  0.7207673  0.6558576
783.9217  0.9552615  0.1909493  0.6758105  0.7143376
782.3246  0.974856  0.2885043  0.6079328  0.7830928
780.734  0.9920791  0.4108244  0.5112659  0.8571607
779.1499  1  0.5554961  0.3830945  0.9237091
777.5722  0.9939454  0.7221379  0.2234363  0.9695362
776.0008  0.9777792  0.9127151  0.03537257  0.9841952
774.4358  0.9533772  1.12678  -0.1719727  0.9551446
772.8771  0.9139656  1.362429  -0.3813014  0.8682843
771.3247  0.8564282  1.619008  -0.5691742  0.7178806
769.7784  0.7864542  1.89551  -0.7110803  0.5118732
768.2384  0.7086594  2.192515  -0.7860679  0.2665465
766.7045  0.6269874  2.515335  -0.7791709  0.003195491
765.1767  0.5474474  2.8667  -0.6832535  -0.2472904
763.6551  0.4697545  3.243809  -0.5030887  -0.4451496
762.1394  0.3931031  3.650875  -0.2608687  -0.5550437
760.6297  0.32717  4.094875  0.002592286  -0.5583858
759.1261  0.2760371  4.568028  0.2353787  -0.4545638
757.6283  0.2313702  5.068121  0.3878918  -0.2613522
756.1365  0.1932721  5.609807  0.4260825  -0.02184401
754.6505  0.1663643  6.183143  0.3424186  0.1970179
753.1703  0.143635  6.767784  0.1639679  0.3276136
751.696  0.1212113  7.376996  -0.04858971  0.3323535
750.2274  0.1030097  8.016895  -0.2184505  0.2185943
748.7645  0.08812901  8.680527  -0.2831643  0.0347456
747.3073  0.07639472  9.375117  -0.2228304  -0.1436129
745.8558  0.06795868  10.08402  -0.07121495  -0.2391721
744.4099  0.05891809  10.80261  0.09650459  -0.2108746
742.9696  0.05043817  11.54997  0.1977274  -0.082259
741.5349  0.04352317  12.30012  0.1861072  0.06918359
740.1057  0.03541404  13.05218  0.07981181  0.1599492
738.682  0.02786852  13.83321  -0.04951569  0.150323
737.2637  0.02162788  14.61987  -0.124324  0.06251843
735.8509  0.01563881  15.42715  -0.1112916  -0.03953622
734.4435  0.01132918  16.27837  -0.03705035  -0.09323972
733.0415  0.008357239  17.1243  0.03877535  -0.07677143
731.6448  0.005757351  17.96907  0.06888672  -0.01820214
730.2534  0.003783941  18.83287  0.04740474  0.03281315
728.8673  0.002383485  19.70487  0.004256211  0.04547153
727.4865  0.001430481  20.59185  -0.02517584  0.02476378
726.1109  0.0008403018  21.5087  -0.02675144  -0.003762006
724.7405  0.0005339442  22.44324  -0.01023942  -0.01889788
723.3752  0.0003378962  23.34394  0.00671106  -0.01569119
722.0151  0.0002134212  24.33193  0.0133222  -0.002405766
720.6601  0.0001783866  25.27718  0.008897959  0.00856946
719.3101  0.0001120051  26.14726  -0.0006432349  0.009749241
717.9652  7.31729E-5  0  -0.007227346  0.003146019
716.6254  5.684798E-5  0  -0.006049186  -0.003390815
715.2905  2.599641E-5  0  0.0003872683  -0.004664731
713.9606  3.621681E-5  0  0.00517142  -0.001914793
712.6356  2.865668E-5  0  0.004764689  0.001127182
711.3155  1.252681E-5  0  0.001737134  0.002724502
710.0003  9.614594E-6  0  -0.0003782957  0.002800112
708.69  4.096442E-6  0  -0.001352039  0.001249414
707.3845  7.18581E-6  0  -0.002055231  -0.001303483
706.0837  1.387072E-5  0  -0.001670213  -0.002932845
704.7878  7.828338E-6  0  0.0003354154  -0.002508559
703.4966  6.94677E-6  0  0.002068922  -0.001175925
702.2102  3.901978E-6  0  0.001726265  -0.0004352102
700.9284  2.070488E-7  0  0.0003975391  -9.759897E-5
699.6513  3.68262E-7  0  5.534874E-5  0.0005421098
698.3788  1.356215E-6  0  0.0004460676  0.0009437307
697.111  2.380365E-7  0  0.0002368249  0.0003666911
695.8478  3.599952E-7  0  -0.0003003833  -0.0004437374
694.5891  1.498618E-7  0  -9.022215E-5  -0.0003331037
693.335  3.984476E-7  0  0.0004794024  0.00029272
692.0854  2.053263E-7  0  0.0003175422  0.0002473248
690.8403  2.07483E-7  0  -0.000282087  -0.0002890375
689.5996  1.478603E-7  0  -0.0003105054  -0.000139326
688.3635  5.780982E-7  0  3.190303E-5  0.0006709764
687.1317  9.568682E-7  0  -8.730154E-5  0.0008582419
685.9043  2.286917E-7  0  -0.0004135088  7.899215E-5
684.6813  3.602317E-7  0  -0.0001951386  -0.0004899951
683.4627  9.889584E-8  0  0.0002330314  -0.0001476246
682.2484  1.081064E-7  0  9.674542E-5  0.000271162
681.0384  9.656434E-8  0  -0.0002711435  -1.605207E-5
679.8327  2.44093E-7  0  -9.289255E-5  -0.0004209533
678.6313  1.597472E-7  0  0.0003071371  -0.0001638738
677.4341  1.539551E-7  0  0.0001380816  0.0003119544
676.2411  1.731426E-7  0  -0.000301419  0.0001989293
675.0523  1.13473E-7  0  -0.0001979644  -0.0002144474
673.8676  8.707347E-8  0  0.0002171356  -0.0001341041
672.6872  1.216594E-7  0  0.000148955  0.0002617179
671.5108  1.180824E-7  0  -0.0002298312  0.0001867824
670.3386  1.354802E-7  0  -0.000163782  -0.00027103
669.1704  1.94967E-7  0  0.0002081708  -0.0003169797
668.0063  4.040308E-8  0  0.0001571446  7.0739E-5
666.8463  8.623143E-8  0  -0.000216554  0.0001275507
665.6903  1.374459E-7  0  -0.0002117996  -0.0002355244
664.5383  1.176691E-7  0  0.0001195422  -0.0002670337
663.3902  6.505168E-8  0  0.0001292315  0.0001745197
662.2461  1.712306E-7  0  -0.0001535034  0.0003164477
661.106  3.196226E-8  0  -0.0001293933  -7.917379E-5
659.9698  1.331859E-7  0  0.0001712879  -0.0002573283
658.8374  5.373694E-8  0  0.00016452  0.0001065638
657.709  1.552685E-7  0  -0.0001385487  0.0003023962
656.5844  4.109288E-8  0  -0.0001652672  -4.322166E-5
655.4637  1.056523E-7  0  0.0001127919  -0.0002490966
654.3467  4.757031E-8  0  0.0001542313  9.881315E-5
653.2336  1.755557E-7  0  -0.0001024892  0.0003359977
652.1243  3.345958E-8  0  -0.000153079  2.412159E-6
651.0187  1.057644E-7  0  9.005987E-5  -0.0002563747
649.9168  4.223778E-8  0  0.0001589258  6.427201E-5
648.8187  1.705053E-7  0  -5.739506E-5  0.0003390278
647.7243  2.364324E-8  0  -0.000126358  1.932347E-5
646.6336  1.362215E-7  0  8.424661E-5  -0.0002944959
645.5465  4.407249E-8  0  0.0001732657  -1.525868E-5
644.4631  1.191468E-7  0  -1.981335E-5  0.0002848197
643.3833  2.625635E-8  0  -0.0001335212  -8.680106E-6
642.3071  1.706359E-7  0  1.801809E-5  -0.0003400542
641.2346  2.642322E-8  0  0.000119688  -5.976353E-5
640.1655  1.319441E-7  0  -2.771198E-5  0.000297157
639.1001  3.421435E-8  0  -0.0001453173  4.362113E-5
638.0382  1.500691E-7  0  -1.542754E-5  -0.0003168525
636.9798  2.89878E-8  0  0.0001192753  -7.174696E-5
635.925  1.384405E-7  0  1.641741E-5  0.0003032361
634.8736  3.270568E-8  0  -0.0001272557  7.43019E-5
633.8257  1.463046E-7  0  -5.016376E-5  -0.0003070855
632.7812  2.658298E-8  0  0.0001005009  -8.621524E-5
631.7402  1.491783E-7  0  5.146592E-5  0.000308905
630.7026  3.045017E-8  0  -9.664926E-5  0.0001030117
