128  128
0.0  1130.248
351.7893
352.4351
353.0832
353.7337
354.3866
355.0419
355.6997
356.3599
357.0225
357.6876
358.3552
359.0253
359.698
360.3731
361.0508
361.731
362.4138
363.0991
363.7871
364.4777
365.1709
365.8668
366.5653
367.2665
367.9703
368.6769
369.3862
370.0982
370.813
371.5306
372.2509
372.974
373.6999
374.4287
375.1603
375.8948
376.6322
377.3724
378.1156
378.8617
379.6108
380.3628
381.1178
381.8759
382.6369
383.401
384.1681
384.9383
385.7116
386.4881
387.2676
388.0503
388.8362
389.6253
390.4175
391.213
392.0118
392.8138
393.6191
394.4277
395.2397
396.055
396.8736
397.6957
398.5212
399.3501
400.1824
401.0183
401.8576
402.7005
403.5469
404.3968
405.2504
406.1075
406.9683
407.8328
408.7009
409.5727
410.4483
411.3276
412.2107
413.0976
413.9883
414.8829
415.7813
416.6837
417.5899
418.5002
419.4144
420.3325
421.2548
422.1811
423.1114
424.0459
424.9845
425.9273
426.8742
427.8254
428.7809
429.7406
430.7046
431.6729
432.6456
433.6228
434.6043
435.5903
436.5807
437.5757
438.5753
439.5794
440.5881
441.6014
442.6195
443.6422
444.6697
445.7019
446.739
447.7808
448.8276
449.8792
450.9358
451.9974
453.064
454.1356
455.2123
456.2942
457.3811
458.4733
-320
-315
-310
-305
-300
-295
-290
-285
-280
-275
-270
-265
-260
-255
-250
-245
-240
-235
-230
-225
-220
-215
-210
-205
-200
-195
-190
-185
-180
-175
-170
-165
-160
-155
-150
-145
-140
-135
-130
-125
-120
-115
-110
-105
-100
-95
-90
-85
-80
-75
-70
-65
-60
-55
-50
-45
-40
-35
-30
-25
-20
-15
-10
-5
0
5
10
15
20
25
30
35
40
45
50
55
60
65
70
75
80
85
90
95
100
105
110
115
120
125
130
135
140
145
150
155
160
165
170
175
180
185
190
195
200
205
210
215
220
225
230
235
240
245
250
255
260
265
270
275
280
285
290
295
300
305
310
315
0
0
0
0
0
0
0
0
0
0
0
0
0
0
0
0
0
0
0
0
0
0
0
0
0
0
0
0
0
0
0
0
0
0
0
0
0
0
0
0
0
0
0
0
0
0
0
0
0
0
0
0
0
0
0
0
0
0
0
0
0
0
0
0
0
0
0
0
0
0
0
0
0
0
0
0
0
0
0
0
0
0
0
0
0
0
0
0
0
0
0
0
0
0
0
0
0
0
0
0
0
0
0
0
0
0
0
0
0
0
0
0
0
0
0
0
0
0
0
0
0
0
0
0
0
0
0
0
0
0
0
0
0
0
0
0
0
0
0
0
0
0
0
0
0
0
0
0
0
0
0
0
0
0
0
0
0
0
0
0
0
0
0
0
0
0
0
0
0
0
0
0
0
0
0
0
0
0
0
0
0
0
0
0
0
0
0
0
0
0
0
0
0
0
0
0
0
0
0
0
0
0
0
0
0
0
0
0
0
0
0
0
0
0
0
0
0
0
0
0
0
0
0
0
0
0
0
0
0
0
0
0
0
0
0
0
0
0
0
0
0
0
0
0
0
0
0
0
0
0
0
0
0
0
0
0
0
0
0
0
0
0
0
0
0
0
0
0
0
0
0
0
0
0
0
0
0
0
0
0
0
0
0
0
0
0
0
0
0
0
0
0
0
0
0
0
0
0
0
0
0
0
0
0
0
0
0
0
0
0
0
0
0
0
0
0
0
0
0
0
0
0
0
0
0
0
0
0
0
0
0
0
0
0
0
0
0
0
0
0
0
0
0
0
0
0
0
0
0
0
0
0
0
0
0
0
0
0
0
0
0
0
0
0
0
0
0
0
0
0
0
0
0
0
0
0
0
0
0
0
0
0
0
0
0
0
0
0
0
0
0
0
0
0
0
0
0
0
0
0
0
0
0
0
0
0
0
0
0
0
0
0
0
0
0
0
0
0
0
0
0
0
0
0
0
0
0
0
0
0
0
0
0
0
0
0
0
0
0
0
0
0
0
0
0
0
0
0
0
0
0
0
0
0
0
0
0
0
0
0
0
0
0
0
0
0
0
0
0
0
0
0
0
0
0
0
0
0
0
0
0
0
0
0
0
0
0
0
0
0
0
0
0
0
0
0
0
0
0
0
0
0
0
0
0
0
0
0
0
0
0
0
0
0
0
0
0
0
0
0
0
0
0
0
0
0
0
0
0
0
0
0
0
0
0
0
0
0
0
0
0
0
0
0
0
0
0
0
0
0
0
0
0
0
0
0
0
0
0
0
0
0
0
0
0
0
0
0
0
0
0
0
0
0
0
0
0
0
0
0
0
0
0
0
0
0
0
0
0
0
0
0
0
0
0
0
0
0
0
0
0
0
0
0
0
0
0
0
0
0
0
0
0
0
0
0
0
0
0
0
0
0
0
0
0
0
0
0
0
0
0
0
0
0
0
0
0
0
0
0
0
0
0
0
0
0
0
0
0
0
0
0
0
0
0
0
0
0
0
0
0
0
0
0
0
0
0
0
0
0
0
0
0
0
0
0
0
0
0
0
0
0
0
0
0
0
0
0
0
0
0
0
0
0
0
0
0
0
0
0
0
0
0
0
0
0
0
0
0
0
0
0
0
0
0
0
0
0
0
0
0
0
0
0
0
0
0
0
0
0
0
0
0
0
0
0
0
0
0
0
0
0
0
0
0
0
0
0
0
0
0
0
0
0
0
0
0
0
0
0
0
0
0
0
0
0
0
0
0
0
0
0
0
0
0
0
0
0
0
0
0
0
0
0
0
0
0
0
0
0
0
0
0
0
0
0
0
0
0
0
0
0
0
0
0
0
0
0
0
0
0
0
0
0
0
0
0
0
0
0
0
0
0
0
0
0
0
0
0
0
0
0
0
0
0
0
0
0
0
0
0
0
0
0
0
0
0
0
0
0
0
0
0
0
0
0
0
0
0
0
0
0
0
0
0
0
0
0
0
0
0
0
0
0
0
0
0
0
0
0
0
0
0
0
0
0
0
0
0
0
0
0
0
0
0
0
0
0
0
0
0
0
0
0
0
0
0
0
0
0
0
0
0
0
0
0
0
0
0
0
0
0
0
0
0
0
0
0
0
0
0
0
0
0
0
0
0
0
0
0
0
0
0
0
0
0
0
0
0
0
0
0
0
0
0
0
0
0
0
0
0
0
0
0
0
0
0
0
0
0
0
0
0
0
0
0
0
0
0
0
0
0
0
0
0
0
0
0
0
0
0
0
0
0
0
0
0
0
0
0
0
0
0
0
0
0
0
0
0
0
0
0
0
0
0
0
0
0
0
0
0
0
0
0
0
0
0
0
0
0
0
0
0
0
0
0
0
0
0
0
0
0
0
0
0
0
0
0
0
0
0
0
0
0
0
0
0
0
0
0
0
0
0
0
0
0
0
0
0
0
0
0
0
0
0
0
0
0
0
0
0
0
0
0
0
0
0
0
0
0
0
0
0
0
0
0
0
0
0
0
0
0
0
0
0
0
0
0
0
0
0
0
0
0
0
0
0
0
0
0
0
0
0
0
0
0
0
0
0
0
0
0
0
0
0
0
0
0
0
0
0
0
0
0
0
0
0
0
0
0
0
0
0
0
0
0
0
0
0
0
0
0
0
0
0
0
0
0
0
0
0
0
0
0
0
0
0
0
0
0
0
0
0
0
0
0
0
0
0
0
0
0
0
0
0
0
0
0
0
0
0
0
0
0
0
0
0
0
0
0
0
0
0
0
0
0
0
0
0
0
0
0
0
0
0
0
0
0
0
0
0
0
0
0
0
0
0
0
0
0
0
0
0
0
0
0
0
0
0
0
0
0
0
0
0
0
0
0
0
0
0
0
0
0
0
0
0
0
0
0
0
0
0
0
0
0
0
0
0
0
0
0
0
0
0
0
0
0
0
0
0
0
0
0
0
0
0
0
0
0
0
0
0
0
0
0
0
0
0
0
0
0
0
0
0
0
0
0
0
0
0
0
0
0
0
0
0
0
0
0
0
0
0
0
0
0
0
0
0
0
0
0
0
0
0
0
0
0
0
0
0
0
0
0
0
0
0
0
0
0
0
0
0
0
0
0
0
0
0
0
0
0
0
0
0
0
0
0
0
0
0
0
0
0
0
0
0
0
0
0
0
0
0
0
0
0
0
0
0
0
0
0
0
0
0
0
0
0
0
0
0
0
0
0
0
0
0
0
0
0
0
0
0
0
0
0
0
0
0
0
0
0
0
0
0
0
0
0
0
0
0
0
0
0
0
0
0
0
0
0
0
0
0
0
0
0
0
0
0
0
0
0
0
0
0
0
0
0
0
0
0
0
0
0
0
0
0
0
0
0
0
0
0
0
0
0
0
0
0
0
0
0
0
0
0
0
0
0
0
0
0
0
0
0
0
0
0
0
0
0
0
0
0
0
0
0
0
0
0
0
0
0
0
0
0
0
0
0
0
0
0
0
0
0
0
0
0
0
0
0
0
0
0
0
0
0
0
0
0
0
0
0
0
0
0
0
0
0
0
0
0
0
0
0
0
0
0
0
0
0
0
0
0
0
0
0
0
0
0
0
0
0
0
0
0
0
0
0
0
0
0
0
0
0
0
0
0
0
0
0
0
0
0
0
0
0
0
0
0
0
0
0
0
0
0
0
0
0
0
0
0
0
0
0
0
0
0
0
0
0
0
0
0
0
0
0
0
0
0
0
0
0
0
0
0
0
0
0
0
0
0
0
0
0
0
0
0
0
0
0
0
0
0
0
0
0
0
0
0
0
0
0
0
0
0
0
0
0
0
0
0
0
0
0
0
0
0
0
0
0
0
0
0
0
0
0
0
0
0
0
0
0
0
0
0
0
0
0
0
0
0
0
0
0
0
0
0
0
0
0
0
0
0
0
0
0
0
0
0
0
0
0
0
0
0
0
0
0
0
0
0
0
0
0
0
0
0
0
0
0
0
0
0
0
0
0
0
0
0
0
0
0
0
0
0
0
0
0
0
0
0
0
0
0
0
0
0
0
0
0
0
0
0
0
0
0
0
0
0
0
0
0
0
0
0
0
0
0
0
0
0
0
0
0
0
0
0
0
0
0
0
0
0
0
0
0
0
0
0
0
0
0
0
0
0
0
0
0
0
0
0
0
0
0
0
0
0
0
0
0
0
0
0
0
0
0
0
0
0
0
0
0
0
0
0
0
0
0
0
0
0
0
0
0
0
0
0
0
0
0
0
0
0
0
0
0
0
0
0
0
0
0
0
0
0
0
0
0
0
0
0
0
0
0
0
0
0
0
0
0
0
0
0
0
0
0
0
0
0
0
0
0
0
0
0
0
0
0
0
0
0
0
0
0
0
0
0
0
0
0
0
0
0
0
0
0
0
0
0
0
0
0
0
0
0
0
0
0
0
0
0
0
0
0
0
0
0
0
0
0
0
0
0
0
0
0
0
0
0
0
0
0
0
0
0
0
0
0
0
0
0
0
0
0
0
0
0
0
0
0
0
0
0
0
0
0
0
0
0
0
0
0
0
0
0
0
0
0
0
0
0
0
0
0
0
0
0
0
0
0
0
0
0
0
0
0
0
0
0
0
0
0
0
0
0
0
0
0
0
0
0
0
0
0
0
0
0
0
0
0
0
0
0
0
0
0
0
0
0
0
0
0
0
0
0
0
0
0
0
0
0
0
0
0
0
0
0
0
0
0
0
0
0
0
0
0
0
0
0
0
0
0
0
0
0
0
0
0
0
0
0
0
0
0
0
0
0
0
0
0
0
0
0
0
0
0
0
0
0
0
0
0
0
0
0
0
0
0
0
0
0
0
0
0
0
0
0
0
0
0
0
0
0
0
0
0
0
0
0
0
0
0
0
0
0
0
0
0
0
0
0
0
0
0
0
0
0
0
0
0
0
0
0
0
0
0
0
0
0
0
0
0
0
0
0
0
0
0
0
0
0
0
0
0
0
0
0
0
0
0
0
0
0
0
0
0
0
0
0
0
0
0
0
0
0
0
0
0
0
0
0
0
0
0
0
0
0
0
0
0
0
0
0
0
0
0
0
0
0
0
0
0
0
0
0
0
0
0
0
0
0
0
0
0
0
0
0
0
0
0
0
0
0
0
0
0
0
0
0
0
0
0
0
0
0
0
0
0
0
0
0
0
0
0
0
0
0
0
0
0
0
0
0
0
0
0
0
0
0
0
0
0
0
0
0
0
0
0
0
0
0
0
0
0
0
0
0
0
0
0
0
0
0
0
0
0
0
0
0
0
0
0
0
0
0
0
0
0
0
0
0
0
0
0
0
0
0
0
0
0
0
0
0
0
0
0
0
0
0
0
0
0
0
0
0
0
0
0
0
0
0
0
0
0
0
0
0
0
0
0
0
0
0
0
0
0
0
0
0
0
0
0
0
0
0
0
0
0
0
0
0
0
0
0
0
0
0
0
0
0
0
0
0
0
0
0
0
0
0
0
0
0
0
0
0
0
0
0
0
0
0
0
0
0
0
0
0
0
0
0
0
0
0
0
0
0
0
0
0
0
0
0
0
0
0
0
0
0
0
0
0
0
0
0
0
0
0
0
0
0
0
0
0
0
0
0
0
0
0
0
0
0
0
0
0
0
0
0
0
0
0
0
0
0
0
0
0
0
0
0
0
0
0
0
0
0
0
0
0
0
0
0
0
0
0
0
0
0
0
0
0
0
0
0
0
0
0
0
0
0
0
0
0
0
0
0
0
0
0
0
0
0
0
0
0
0
0
0
0
0
0
0
0
0
0
0
0
0
0
0
0
0
0
0
0
0
0
0
0
0
0
0
0
0
0
0
0
0
0
0
0
0
0
0
0
0
0
0
0
0
0
0
0
0
0
0
0
0
0
0
0
0
0
0
0
0
0
0
0
0
0
0
0
0
0
0
0
0
0
0
0
0
0
0
0
0
0
0
0
0
0
0
0
0
0
0
0
0
0
0
0
0
0
0
0
0
0
0
0
0
0
0
0
0
0
0
0
0
0
0
0
0
0
0
0
0
0
0
0
0
0
0
0
0
0
0
0
0
0
0
0
0
0
0
0
0
0
0
0
0
0
0
0
0
0
0
0
0
0
0
0
0
0
0
0
0
0
0
0
0
0
0
0
0
0
0
0
0
0
0
0
0
0
0
0
0
0
0
0
0
0
0
0
0
0
0
0
0
0
0
0
0
0
0
0
0
0
0
0
0
0
0
0
0
0
0
0
0
0
0
0
0
0
0
0
0
0
0
0
0
0
0
0
0
0
0
0
0
0
0
0
0
0
0
0
0
0
0
0
0
0
0
0
0
0
0
0
0
0
0
0
0
0
0
0
0
0
0
0
0
0
0
0
0
0
0
0
0
0
0
0
0
0
0
0
0
0
0
0
0
0
0
0
0
0
0
0
0
0
0
0
0
0
0
0
0
0
0
0
0
0
0
0
0
0
0
0
0
0
0
0
0
0
0
0
0
0
0
0
0
0
0
0
0
0
0
0
0
0
0
0
0
0
0
0
0
0
0
0
0
0
0
0
0
0
0
0
0
0
0
0
0
0
0
0
0
0
0
0
0
0
0
0
0
0
0
0
0
0
0
0
0
0
0
0
0
0
0
0
0
0
0
0
0
0
0
0
0
0
0
0
0
0
0
0
0
0
0
0
0
0
0
0
0
0
0
0
0
0
0
0
0
0
0
0
0
0
0
0
0
0
0
0
0
0
0
0
0
0
0
0
0
0
0
0
0
0
0
0
0
0
0
0
0
0
0
0
0
0
0
0
0
0
0
0
0
0
0
0
0
0
0
0
0
0
0
0
0
0
0
0
0
0
0
0
0
0
0
0
0
0
0
0
0
0
0
0
0
0
0
0
0
0
0
0
0
0
0
0
0
0
0
0
0
0
0
0
0
0
0
0
0
0
0
0
0
0
0
0
0
0
0
0
0
0
0
0
0
0
0
0
0
0
0
0
0
0
0
0
0
0
0
0
0
0
0
0
0
0
0
0
0
0
0
0
0
0
0
0
0
0
0
0
0
0
0
0
0
0
0
0
0
0
0
0
0
0
0
0
0
0
0
0
0
0
0
0
0
0
0
0
0
0
0
0
0
0
0
0
0
0
0
0
0
0
0
0
0
0
0
0
0
0
0
0
0
0
0
0
0
0
0
0
0
0
0
0
0
0
0
0
0
0
0
0
0
0
0
0
0
0
0
0
0
0
0
0
0
0
0
0
0
0
0
0
0
0
0
0
0
0
0
0
0
0
0
0
0
0
0
0
0
0
0
0
0
0
0
0
0
0
0
0
0
0
0
0
0
0
0
0
0
0
0
0
0
0
0
0
0
0
0
0
0
0
0
0
0
0
0
0
0
0
0
0
0
0
0
0
0
0
0
0
0
0
0
0
0
0
0
0
0
0
0
0
0
0
0
0
0
0
0
0
0
0
0
0
0
0
0
0
0
0
0
0
0
0
0
0
0
0
0
0
0
0
0
0
0
0
0
0
0
0
0
0
0
0
0
0
0
0
0
0
0
0
0
0
0
0
0
0
0
0
0
0
0
0
0
0
0
0
0
0
0
0
0
0
0
0
0
0
0
0
0
0
0
0
0
0
0
0
0
0
0
0
0
0
0
0
0
0
0
0
0
0
0
0
0
0
0
0
0
0
0
0
0
0
0
0
0
0
0
0
0
0
0
0
0
0
0
0
0
0
0
0
0
0
0
0
0
0
0
0
0
0
0
0
0
0
0
0
0
0
0
0
0
0
0
0
0
0
0
0
0
0
0
0
0
0
0
0
0
0
0
0
0
0
0
0
0
0
0
0
0
0
0
0
0
0
0
0
0
0
0
0
0
0
0
0
0
0
0
0
0
0
0
0
0
0
0
0
0
0
0
0
0
0
0
0
0
0
0
0
0
0
0
0
0
0
0
0
0
0
0
0
0
0
0
0
0
0
0
0
0
0
0
0
0
0
0
0
0
0
0
0
0
0
0
0
0
0
0
0
0
0
0
0
0
0
0
0
0
0
0
0
0
0
0
0
0
0
0
0
0
0
0
0
0
0
0
0
0
0
0
0
0
0
0
0
0
0
0
0
0
0
0
0
0
0
0
0
0
0
0
0
0
0
0
0
0
0
0
0
0
0
0
0
0
0
0
0
0
0
0
0
0
0
0
0
0
0
0
0
0
0
0
0
0
0
0
0
0
0
0
0
0
0
0
0
0
0
0
0
0
0
0
0
0
0
0
0
0
0
0
0
0
0
0
0
0
0
0
0
0
0
0
0
0
0
0
0
0
0
0
0
0
0
0
0
0
0
0
0
0
0
0
0
0
0
0
0
0
0
0
0
0
0
0
0
0
0
0
0
0
0
0
0
0
0
0
0
0
0
0
0
0
0
0
0
0
0
0
0
0
0
0
0
0
0
0
0
0
0
0
0
0
0
0
0
0
0
0
0
0
0
0
0
0
0
0
0
0
0
0
0
0
0
0
0
0
0
0
0
0
0
0
0
0
0
0
0
0
0
0
0
0
0
0
0
0
0
0
0
0
0
0
0
0
0
0
0
0
0
0
0
0
0
0
0
0
0
0
0
0
0
0
0
0
0
0
0
0
0
0
0
0
0
0
0
0
0
0
0
0
0
0
0
0
0
0
0
0
0
0
0
0
0
0
0
0
0
0
0
0
0
0
0
0
0
0
0
0
0
0
0
0
0
0
0
0
0
0
0
0
0
0
0
0
0
0
0
0
0
0
0
0
0
0
0
0
0
0
0
0
0
0
0
0
0
0
0
0
0
0
0
0
0
0
0
0
0
0
0
0
0
0
0
0
0
0
0
0
0
0
0
0
0
0
0
0
0
0
0
0
0
0
0
0
0
0
0
0
0
0
0
0
0
0
0
0
0
0
0
0
0
0
0
0
0
0
0
0
0
0
0
0
0
0
0
0
0
0
0
0
0
0
0
0
0
0
0
0
0
0
0
0
0
0
0
0
0
0
0
0
0
0
0
0
0
0
0
0
0
0
0
0
0
0
0
0
0
0
0
0
0
0
0
0
0
0
0
0
0
0
0
0
0
0
0
0
0
0
0
0
0
0
0
0
0
0
0
0
0
0
0
0
0
0
0
0
0
0
0
0
0
0
0
0
0
0
0
0
0
0
0
0
0
0
0
0
0
0
0
0
0
0
0
0
0
0
0
0
0
0
0
0
0
0
0
0
0
0
0
0
0
0
0
0
0
0
0
0
0
0
0
0
0
0
0
0
0
0
0
0
0
0
0
0
0
0
0
0
0
0
0
0
0
0
0
0
0
0
0
0
0
0
0
0
0
0
0
0
0
0
0
0
0
0
0
0
0
0
0
0
0
0
0
0
0
0
0
0
0
0
0
0
0
0
0
0
0
0
0
0
0
0
0
0
0
0
0
0
0
0
0
0
0
0
0
0
0
0
0
0
0
0
0
0
0
0
0
0
0
0
0
0
0
0
0
0
0
0
0
0
0
0
0
0
0
0
0
0
0
0
0
0
0
0
0
0
0
0
0
0
0
0
0
0
0
0
0
0
0
0
0
0
0
0
0
0
0
0
0
0
0
0
0
0
0
0
0
0
0
0
0
0
0
0
0
0
0
0
0
0
0
0
0
0
0
0
0
0
0
0
0
0
0
0
0
0
0
0
0.3933973
1.776765
2.589357
0.6830054
0.03767513
0
0
0
0
0
0
0
0
0
0
0
0
0
0
0
0
0
0
0
0
0
0
0
0
0
0
0
0
0
0
0
0
0
0
0
0
0
0
0
0
0
0
0
0
0
0
0
0
0
0
0
0
0
0
0
0
0
0
0
0
0
0
0
0
0
0
0
0
0
0
0
0
0
0
0
0
0
0
0
0
0
0
0
0
0
0
0
0
0
0
0
0
0
0
0
0
0
0
0
0
0
0
0
0
0
0
0
0
0
0
0
0
0
0
0
0
0
0
0
0
0.02782722
0.1399525
1.713636
3.987995
4.999665
4.369753
5.667375
2.381167
2.497923
2.322677
0.593068
0.09524998
0.01360546
0
0
0
0
0
0
0
0
0
0
0
0
0
0
0
0
0
0
0
0
0
0
0
0
0
0
0
0
0
0
0
0
0
0
0
0
0
0
0
0
0
0
0
0
0
0
0
0
0
0
0
0
0
0
0
0
0
0
0
0
0
0
0
0
0
0
0
0
0
0
0
0
0
0
0
0
0
0
0
0
0
0
0
0
0
0
0
0
0
0
0
0
0
0
0
0
0
0
0
0
0
0
0
0
0
0
0
0
0
0
0
0
0
0
1.718408
2.823222
1.65454
5.424958
9.089415
11.50513
10.42635
10.99842
7.22355
7.763295
4.408221
2.362829
0.9082058
0.1213104
0
0
0
0
0
0
0
0
0
0
0
0
0
0
0
0
0
0
0
0
0
0
0
0
0
0
0
0
0
0
0
0
0
0
0
0
0
0
0
0
0
0
0
0
0
0
0
0
0
0
0
0
0
0
0
0
0
0
0
0
0
0
0
0
0
0
0
0
0
0
0
0
0
0
0
0
0
0
0
0
0
0
0
0
0
0
0
0
0
0
0
0
0
0
0
0
0
0
0
0
0
0
0
0
0
0
0
0
0
0
0
0
0
0
0
0.2613378
3.025344
6.003235
12.66163
15.14203
18.8204
17.82395
15.35988
12.83983
6.249913
4.218046
1.083983
0.07005243
0
0
0
0
0
0
0
0
0
0
0
0
0
0
0
0
0
0
0
0
0
0
0
0
0
0
0
0
0
0
0
0
0
0
0
0
0
0
0
0
0
0
0
0
0
0
0
0
0
0
0
0
0
0
0
0
0
0
0
0
0
0
0
0
0
0
0
0
0
0
0
0
0
0
0
0
0
0
0
0
0
0
0
0
0
0
0
0
0
0
0
0
0
0
0
0
0
0
0
0
0
0
0
0
0
0
0
0
0
0
0
0
0
0
0
1.524649
6.898506
9.699158
18.18993
21.12385
27.10408
28.0942
24.64531
18.26509
9.977195
4.252495
0.7357402
0.02389747
0
0
0
0
0
0
0
0
0
0
0
0
0
0
0
0
0
0
0
0
0
0
0
0
0
0
0
0
0
0
0
0
0
0
0
0
0
0
0
0
0
0
0
0
0
0
0
0
0
0
0
0
0
0
0
0
0
0
0
0
0
0
0
0
0
0
0
0
0
0
0
0
0
0
0
0
0
0
0
0
0
0
0
0
0
0
0
0
0
0
0
0
0
0
0
0
0
0
0
0
0
0
0
0
0
0
0
0
0
0
0
0
0
0
1.355225
5.298695
11.03163
18.37017
29.56548
37.50161
40.40597
43.29203
37.66143
29.81309
20.87326
12.13599
4.146682
1.35738
0.2044669
0
0
0
0
0
0
0
0
0
0
0
0
0
0
0
0
0
0
0
0
0
0
0
0
0
0
0
0
0
0
0
0
0
0
0
0
0
0
0
0
0
0
0
0
0
0
0
0
0
0
0
0
0
0
0
0
0
0
0
0
0
0
0
0
0
0
0
0
0
0
0
0
0
0
0
0
0
0
0
0
0
0
0
0
0
0
0
0
0
0
0
0
0
0
0
0
0
0
0
0
0
0
0
0
0
0
0
0
0
0
0
0.02410798
0.6559277
3.580561
8.346105
13.4554
20.25762
38.22932
47.94542
52.24372
54.59708
50.03173
43.89663
32.51563
20.25951
11.17951
5.845052
4.972768
1.016279
0.01170948
0
0
0
0
0
0
0
0
0
0
0
0
0
0
0
0
0
0
0
0
0
0
0
0
0
0
0
0
0
0
0
0
0
0
0
0
0
0
0
0
0
0
0
0
0
0
0
0
0
0
0
0
0
0
0
0
0
0
0
0
0
0
0
0
0
0
0
0
0
0
0
0
0
0
0
0
0
0
0
0
0
0
0
0
0
0
0
0
0
0
0
0
0
0
0
0
0
0
0
0
0
0
0
0
0
0
0
0
3.700397
3.408404
8.788602
10.43309
16.56529
19.80549
25.63712
41.85266
50.89143
59.40356
65.43238
62.07608
52.15933
42.98931
34.81549
25.74411
18.32325
13.73068
6.775502
2.225517
0.2890675
0
0
0
0
0
0
0
0
0
0
0
0
0
0
0
0
0
0
0
0
0
0
0
0
0
0
0
0
0
0
0
0
0
0
0
0
0
0
0
0
0
0
0
0
0
0
0
0
0
0
0
0
0
0
0
0
0
0
0
0
0
0
0
0
0
0
0
0
0
0
0
0
0
0
0
0
0
0
0
0
0
0
0
0
0
0
0
0
0
0
0
0
0
0
0
0
0
0
0
0
0
0
0
0
0
2.939864
7.075018
11.97267
17.14001
21.31963
24.51304
25.47159
27.44801
32.75158
41.20426
51.57278
58.0203
67.17191
65.00419
61.09074
56.39342
51.77705
44.20343
33.13195
27.55415
19.77454
9.002448
4.040942
0.6556269
0
0
0
0
0
0
0
0
0
0
0
0
0
0
0
0
0
0
0
0
0
0
0
0
0
0
0
0
0
0
0
0
0
0
0
0
0
0
0
0
0
0
0
0
0
0
0
0
0
0
0
0
0
0
0
0
0
0
0
0
0
0
0
0
0
0
0
0
0
0
0
0
0
0
0
0
0
0
0
0
0
0
0
0
0
0
0
0
0
0
0
0
0
0
0
0
0
0
0
0
0
0
0.007429208
2.122953
6.829964
15.67383
24.28535
29.92912
35.90526
43.3637
43.14687
39.26254
37.70368
44.23127
45.20406
52.62034
62.00709
65.57153
66.76513
69.5756
68.2469
63.88708
55.46341
45.64114
34.3454
21.199
12.49738
4.665046
1.55428
0.2282767
0
0
0
0
0
0
0
0
0
0
0
0
0
0
0
0
0
0
0
0
0
0
0
0
0
0
0
0
0
0
0
0
0
0
0
0
0
0
0
0
0
0
0
0
0
0
0
0
0
0
0
0
0
0
0
0
0
0
0
0
0
0
0
0
0
0
0
0
0
0
0
0
0
0
0
0
0
0
0
0
0
0
0
0
0
0
0
0
0
0
0
0
0
0
0
0
0
0
0
0
2.676834
9.546555
19.54384
32.04362
45.66903
54.642
63.55116
70.08375
64.71571
57.42803
50.50911
45.96865
45.46935
49.75222
60.65814
67.39918
75.47555
84.96598
88.65319
91.53907
87.98726
80.07181
59.9093
41.47817
29.2214
16.91069
9.364742
3.33597
0.4233332
0
0
0
0
0
0
0
0
0
0
0
0
0
0
0
0
0
0
0
0
0
0
0
0
0
0
0
0
0
0
0
0
0
0
0
0
0
0
0
0
0
0
0
0
0
0
0
0
0
0
0
0
0
0
0
0
0
0
0
0
0
0
0
0
0
0
0
0
0
0
0
0
0
0
0
0
0
0
0
0
0
0
0
0
0
0
0
0
0
0
0
0
0
0
0
0
0.04383166
0.2954967
1.399061
7.110445
14.44639
31.01786
49.49303
65.61669
76.54866
88.76994
94.89523
84.71201
71.4277
56.04397
42.04696
38.34661
40.50215
53.05527
63.13328
73.73052
95.15081
109.4204
119.5401
118.5928
113.3205
90.48403
69.32832
49.46381
29.51355
19.64754
12.75773
8.937121
7.258077
4.53322
4.987987
5.137855
3.764274
3.155256
0.6000323
0
0
0
0
0
0
0
0
0
0
0
0
0
0
0
0
0
0
0
0
0
0
0
0
0
0
0
0
0
0
0
0
0
0
0
0
0
0
0
0
0
0
0
0
0
0
0
0
0
0
0
0
0
0
0
0
0
0
0
0
0
0
0
0
0
0
0
0
0
0
0
0
0
0
0
0
0
0
0
0
0
0
0
0
0.02826433
0.4916279
3.702935
6.987495
10.6472
12.12771
13.29652
16.02096
24.02995
32.16412
46.06063
66.66254
90.85268
96.667
113.9696
115.9487
101.6286
82.36434
59.00664
35.12283
29.65152
30.95974
41.85831
56.41991
76.84087
104.0464
124.0063
144.4134
151.1911
148.3196
125.0371
101.1988
81.01421
62.65384
49.25647
35.71501
27.95076
24.39469
20.55618
19.33582
15.56673
12.41619
8.93589
4.122651
2.611869
2.227496
0.9056587
0.1169782
0
0
0
0
0
0
0
0
0
0
0
0
0
0
0
0
0
0
0
0
0
0
0
0
0
0
0
0
0
0
0
0
0
0
0
0
0
0
0
0
0
0
0
0
0
0
0
0
0
0
0
0
0
0
0
0
0
0
0
0
0
0
0
0
0
0
0
0
0
0
0
0
0
0
0
0
0
0
1.949621
3.770072
6.418212
8.190044
10.24435
16.29069
21.72005
31.53982
38.19844
41.50224
53.23473
60.28241
71.03644
89.1424
106.9999
115.6223
122.4744
119.653
101.0355
77.19266
52.18741
27.58732
21.37983
23.46646
30.51728
44.46582
64.69307
93.5071
121.8101
151.0505
167.1331
171.5509
158.4645
135.2745
118.569
99.97612
83.48507
69.55051
58.79553
49.29144
43.57682
38.48603
31.44124
27.00795
19.14951
15.37463
9.821556
6.51705
4.183837
0.7274266
0
0
0
0
0
0
0
0
0
0
0
0
0
0
0
0
0
0
0
0
0
0
0
0
0
0
0
0
0
0
0
0
0
0
0
0
0
0
0
0
0
0
0
0
0
0
0
0
0
0
0
0
0
0
0
0
0
0
0
0
0
0
0
0
0
0
0
0
0
0
0.9713425
4.1437
4.307972
6.379381
6.089315
7.170761
9.731145
11.71754
12.11278
13.44676
16.78827
18.68137
21.12004
33.01723
41.64589
53.90933
65.262
75.77197
91.26456
102.0772
109.922
115.4641
124.7203
124.3868
124.4255
120.1764
95.72845
70.10639
45.4607
22.88311
20.23566
20.53295
27.85156
39.43594
58.76012
88.35903
115.9238
149.8307
170.5016
188.7604
187.5173
180.7362
166.9656
147.4259
128.9861
109.3642
89.88606
79.02823
67.39508
57.12681
48.60632
41.89776
36.19669
28.58067
21.55058
17.44194
13.42482
11.39598
9.139206
6.084118
7.185335
8.023729
7.12903
4.633149
4.016131
0.7772603
0
0
0
0
0
0
0
0
0
0
0
0
0
0
0
0
0
0
0
0
0
0
0
0
0
0
0
0
0
0
0
0
0
0
0
0
0
0
0
0
0
0
0
0
0
0
0
0
0
0
0
0
0
0
0
0
0
0
0
0
0
1.766853
3.900994
5.489307
8.476136
8.70894
8.779858
12.52108
14.52221
14.95485
16.46667
18.79066
21.37101
25.46243
28.57483
38.06199
49.64629
66.69199
83.84483
105.8976
124.8402
136.1963
143.4331
139.818
138.8853
126.3017
116.9524
103.3808
80.81602
56.48918
36.60923
20.00269
18.03838
20.76148
33.59013
43.4723
57.50723
84.44205
107.8465
143.1648
166.5769
193.0478
205.0168
207.3623
207.0008
191.8377
171.8302
143.0789
117.8875
94.34172
74.17025
66.37845
57.32269
46.49651
40.87387
38.00604
29.49685
23.51385
17.50446
17.23559
15.10863
14.19096
14.23102
12.95057
11.65628
11.7299
7.199287
4.506069
3.036504
2.246341
0.5406382
0.03106162
0
0
0
0
0
0
0
0
0
0
0
0
0
0
0
0
0
0
0
0
0
0
0
0
0
0
0
0
0
0
0
0
0
0
0
0
0
0
0
0
0
0
0
0
0
0
0
0
0
0
0
0
0
0
3.999114
5.708814
6.07479
8.288322
8.782956
13.45547
15.31957
13.39941
16.30803
16.46717
19.94738
22.52615
24.21873
27.79789
28.67416
29.28213
36.70226
45.21875
60.44014
78.92665
106.3324
134.8676
162.3559
177.8307
184.063
174.5667
159.773
140.2801
121.5588
101.7681
83.74971
66.75155
51.35359
38.35732
39.56643
43.99306
56.83697
67.24969
77.60858
104.2897
126.4213
157.6911
182.8618
212.8852
237.1998
250.1327
262.0103
244.0793
222.0285
181.4477
136.7381
111.1435
83.53103
68.7471
59.9776
54.81967
51.98927
47.25575
39.73724
36.29356
29.04066
26.01038
23.10232
23.10063
25.68862
22.65537
22.96341
21.23367
17.15656
11.96333
7.838563
7.494952
6.568394
5.175099
4.828084
4.948104
0.9682629
0
0
0
0
0
0
0
0
0
0
0
0
0
0
0
0
0
0
0
0
0
0
0
0
0
0
0
0
0
0
0
0
0
0
0
0
0
0
0
0
0
0
0
0
0
0
0
0
0
0
0
0
0.1081773
3.198874
3.796913
5.05548
9.714559
10.09552
10.92601
12.47174
14.11184
18.09729
19.86894
21.36011
26.37404
27.63886
27.85287
32.8701
38.95192
53.05462
75.78886
104.1477
136.3921
172.5485
197.5477
203.63
189.2361
174.8826
152.5561
131.2843
113.6306
94.83757
89.68144
79.71629
73.6078
77.53862
81.92597
96.18985
114.3191
124.8113
148.0711
164.4216
190.3784
213.4537
242.5041
265.7429
289.1223
304.1038
285.4468
248.6122
195.9417
147.568
111.7096
73.40001
54.73975
46.1819
42.29968
46.0756
44.0462
37.63086
32.58717
25.98364
19.19695
17.78431
16.67082
16.90764
17.28593
14.45169
13.75485
12.79708
7.982895
3.330188
0.6072639
0.03047084
0
0
0
0
0
0
0
0
0
0
0
0
0
0
0
0
0
0
0
0
0
0
0
0
0
0
0
0
0
0
0
0
0
0
0
0
0
0
0
0
0
0
0
0
0
0
0
0
0
0
0
0
0
0
0
0
0
0.2218058
2.245203
1.998493
4.027267
8.342087
10.21633
9.161587
13.10281
16.7267
19.85187
19.17796
21.53095
21.93935
20.10431
25.34496
28.31772
43.04499
65.00459
96.31401
130.4243
163.8078
192.4515
201.9778
198.8475
188.4173
175.1906
164.6666
153.1723
148.0308
153.0379
152.5873
155.2867
169.0272
181.1492
202.4617
218.5911
227.0706
248.1381
251.8488
265.019
275.2608
304.198
309.0177
323.0045
326.6423
303.0853
262.9723
204.7703
145.5296
104.2604
59.12242
37.24221
28.91285
25.97828
30.54057
34.85589
33.10599
32.91591
23.18438
20.41091
14.19066
10.99927
10.27274
10.38859
8.577576
8.999983
7.281566
3.702103
2.613237
1.890884
0.3374982
0
0
0
0
0
0
0
0
0
0
0
0
0
0
0
0
0
0
0
0
0
0
0
0
0
0
0
0
0
0
0
0
0
0
0
0
0
0
0
0
0
0
0
0
0
0
0
0
0
0
0
0
0
0
0
0
0
0
0
0
0
0
1.084528
3.792635
4.91002
6.553745
10.49778
9.259364
10.91634
9.154694
9.59208
8.336087
13.20995
26.4691
39.02215
64.37267
88.63015
117.9561
149.3179
157.6527
174.9639
179.9256
187.5154
197.0744
206.3043
221.3119
243.4151
258.2336
283.3282
314.3331
339.7491
370.5231
377.9263
382.6906
385.2008
367.2164
359.5935
351.4215
350.7091
320.4252
318.0472
303.2808
269.634
220.1742
164.1454
117.6475
83.6303
43.24471
20.46716
11.11402
6.863342
8.477202
12.21968
13.35594
16.80339
15.26276
15.66585
9.626897
5.808079
1.72626
0.1701987
0
0
0
0
0
0
0
0
0
0
0
0
0
0
0
0
0
0
0
0
0
0
0
0
0
0
0
0
0
0
0
0
0
0
0
0
0
0
0
0
0
0
0
0
0
0
0
0
0
0
0
0
0
0
0
0
0
0
0
0
0
0
0
0
0
0
0
0
0
0
0
0
0
0
0
0.3007263
1.282521
2.247598
4.546141
11.66825
13.17455
17.87972
28.68837
39.26552
51.58427
80.20546
95.42643
123.929
150.8344
182.9576
225.8838
257.5981
297.7427
348.7879
378.9544
425.0344
476.6901
517.3372
562.7174
572.592
557.5244
548.2002
493.389
445.3133
403.1233
371.5072
291.6545
257.1709
225.3819
183.0365
140.5631
105.2087
77.06343
65.65647
43.22643
34.74813
21.94553
14.14778
7.394167
2.387702
1.188452
1.104939
2.575821
3.796103
3.741047
4.417704
3.77664
2.114898
0.3424407
0
0
0
0
0
0
0
0
0
0
0
0
0
0
0
0
0
0
0
0
0
0
0
0
0
0
0
0
0
0
0
0
0
0
0
0
0
0
0
0
0
0
0
0
0
0
0
0
0
0
0
0
0
0
0
0
0
0
0
0
0
0
0
0
0
0
0
0
0
0
0
0
0
1.52627
6.964676
19.55601
26.49523
39.15273
47.43403
46.36933
40.0268
26.23886
16.8917
9.283098
20.27107
31.92921
64.60136
99.46442
145.8401
212.749
261.4622
329.061
404.0693
447.8408
507.2523
573.3885
618.0206
671.9828
682.7989
663.9491
629.6711
559.3614
475.2933
390.9796
325.5221
216.5256
163.934
116.8469
81.36599
61.85064
56.0537
60.47875
84.20253
96.57997
104.2503
97.22379
73.58899
56.96521
38.90502
17.16449
3.397931
0.2985031
0.7298026
1.958184
5.700062
6.26514
4.090548
1.066677
0.08937693
0
0
0
0
0
0
0
0
0
0
0
0
0
0
0
0
0
0
0
0
0
0
0
0
0
0
0
0
0
0
0
0
0
0
0
0
0
0
0
0
0
0
0
0
0
0
0
0
0
0
0
0
0
0
0
0
0
0
0
0
0
0
0
0
0
0
0
0
0
1.116852
1.903436
7.01714
13.18328
30.13335
57.54911
72.89936
103.2944
118.5764
116.106
106.0039
77.55839
42.53026
14.78682
3.666568
2.042769
23.49044
53.66191
103.4493
178.3215
236.2251
320.1899
409.904
470.6072
535.2256
605.4119
652.5398
703.42
723.362
688.0072
641.0597
552.3926
438.5815
334.3819
249.334
136.8816
79.39644
40.57704
26.75191
31.5794
57.27233
93.16857
142.3585
179.5709
205.1783
198.279
172.2982
146.1332
103.9763
56.19262
24.48086
5.022668
0.5817056
0.8330491
4.997094
6.404649
3.677896
2.955321
1.930755
0.3277016
0
0.5726805
4.050644
2.40337
4.776765
1.453138
0.1314929
0.00928238
0
0
0
0
0
0
0
0
0
0
0
0
0
0
0
0
0
0
0
0
0
0
0
0
0
0
0
0
0
0
0
0
0
0
0
0
0
0
0
0
0
0
0
0
0
0
0
0
0
0
0
0
0
0
0.2087191
2.072614
4.194052
5.562774
3.41655
1.866659
1.386002
0.9954446
9.813484
21.40246
48.13154
90.82971
112.1724
155.0286
176.6751
185.857
178.8664
144.4376
93.60924
52.28102
18.3184
4.285924
7.497961
24.34852
66.9126
136.6181
199.5213
290.5207
389.3364
459.185
531.722
609.0193
648.563
693.3851
698.5415
668.2833
602.9638
510.6754
386.774
279.1083
185.6809
76.49655
31.22757
13.32209
21.36139
52.13804
97.33068
143.8239
212.0676
264.6106
284.2487
297.0568
254.2482
223.3178
159.0698
90.33573
45.33087
12.80213
1.619418
2.684572
5.073943
7.906164
6.55294
5.765669
2.237349
1.633319
0.8849609
3.262666
8.676121
10.9632
9.417888
9.117151
5.542303
4.389706
2.082299
0.2997354
0
0
0
0
0
0
0
0
0
0
0
0
0
0
0
0
0
0
0
0
0
0
0
0
0
0
0
0
0
0
0
0
0
0
0
0
0
0
0
0
0
0
0
0
0
0
0
0
0
0
0
0
0.5488901
2.981384
6.32906
9.882221
9.26409
3.895683
1.09473
1.150204
9.421262
23.43998
53.37239
98.43936
123.2014
175.9921
194.4536
218.1062
222.8155
189.2671
141.1272
90.11758
47.98526
20.19419
4.699936
15.43985
48.19869
111.682
177.4326
270.7684
375.4492
460.474
553.6892
632.6487
676.7204
708.0565
699.0097
647.1295
571.6812
462.2769
328.753
219.6362
130.7983
39.84434
6.562875
10.05827
39.75491
90.12406
143.5704
189.6731
251.0156
300.1899
317.55
335.4713
296.601
257.5258
187.7772
109.6324
62.42378
21.62331
8.053601
6.008084
13.69891
19.43206
20.99716
13.27046
5.395806
1.056063
0.1472152
0.04430409
3.010106
6.121764
5.847154
8.694783
5.688977
4.189896
0.786496
0
0
0
0
0
0
0
0
0
0
0
0
0
0
0
0
0
0
0
0
0
0
0
0
0
0
0
0
0
0
0
0
0
0
0
0
0
0
0
0
0
0
0
0
0
0
0
0
0
0
0
0
0
0
4.524243
10.80611
17.18629
17.21211
10.8333
3.671719
0.4467107
3.29068
14.23862
40.14687
80.86993
109.5082
147.1969
167.4822
202.4713
210.7213
196.1898
153.8324
111.3295
70.07661
40.48968
16.36457
19.1009
43.30987
96.21182
159.47
260.1796
383.8263
483.861
597.5196
689.5534
744.3856
762.2829
732.5421
643.4093
543.8536
424.5846
284.5262
184.4205
97.56047
21.55146
2.41671
19.14522
63.3566
112.9136
157.4144
198.4258
245.5884
284.2966
281.5524
297.9312
264.6342
234.5375
175.3247
114.123
74.27623
41.74183
32.99416
29.81141
42.7263
45.50541
43.51422
27.79601
13.87964
5.571111
0.9209945
0.2538383
0.3964466
0.1943927
0.5985005
0.939159
1.109488
0.2210563
0
0
0
0
0
0
0
0
0
0
0
0
0
0
0
0
0
0
0
0
0
0
0
0
0
0
0
0
0
0
0
0
0
0
0
0
0
0
0
0
0
0
0
0
0
0
0
0
0
0
0
0
0
1.481036
4.11989
8.831749
16.03449
27.5713
30.91737
25.95622
19.5948
11.07755
6.228883
13.82065
27.12622
52.82849
78.63731
101.3555
122.1111
153.7067
169.259
163.192
139.7809
111.6612
81.99414
56.69704
33.29142
37.44998
56.41459
108.8853
173.8056
278.3479
405.1385
529.6758
675.9416
795.3016
856.6303
866.1567
806.9852
692.4915
549.5194
408.1129
267.6768
167.3908
84.71364
19.1666
6.101466
25.83922
68.78693
113.074
141.694
164.4999
191.9504
210.7468
204.8225
217.2844
195.5878
176.9823
140.0363
103.8341
85.22769
72.32497
77.73611
72.26133
83.9333
80.77578
70.33502
47.33666
28.94315
16.33645
11.52454
4.871992
3.454301
3.611185
4.115483
1.125499
0.07323715
0
0
0
0
0
0
0
0
0
0
0
0
0
0
0
0
0
0
0
0
0
0
0
0
0
0
0
0
0
0
0
0
0
0
0
0
0
0
0
0
0
0
0
0
0
0
0
0
0
0
1.36639
3.876625
4.14187
4.536822
6.905999
6.744887
9.124673
12.22025
29.26109
36.98225
36.20212
34.00264
27.40995
20.66574
19.74296
18.00899
23.98819
34.57029
45.58458
61.60667
84.59754
101.1535
106.278
97.50537
82.67944
68.40775
52.17058
34.85335
42.76999
66.11101
119.1689
186.8768
294.8444
438.0885
577.6676
756.4095
908.138
988.0398
992.8681
906.7563
748.3389
574.0267
409.5878
257.1823
156.3216
74.85257
21.48659
4.339179
19.0996
51.68326
77.52924
91.52347
103.384
117.9969
119.7323
110.5343
117.8942
109.068
103.3151
91.59427
85.4096
95.93038
110.3548
119.3097
118.733
118.0133
103.4489
84.1571
57.42138
40.07318
28.38608
25.219
21.23917
19.26829
15.62002
10.3139
4.400073
3.239636
4.958831
1.797994
2.340669
2.240574
2.330953
0.7421431
0.2528862
0.2765835
0.1715746
0.02790018
0
0
0
0
0
0
0
0
0
0
0
0
0
0
0
0
0
0
0
0
0
0
0
0
0
0
0
0
0
0
0
0
0
0
0
0
0
0
0.05350141
0.03931244
1.874441
9.735808
8.720564
11.58435
12.04106
12.2853
9.770556
12.16119
29.1694
41.04341
52.46742
58.38529
49.10619
38.49913
26.6071
19.36977
10.83736
12.15699
14.71106
19.47651
33.52633
48.25569
57.90074
58.62783
51.68956
45.46484
33.85554
28.24575
38.96907
63.18925
118.9619
181.2287
299.5934
451.8721
612.1852
818.9782
1001.581
1096.24
1083.13
987.0471
806.4843
594.993
412.4028
249.2064
146.8804
73.44057
24.29745
6.990138
10.06663
28.59625
38.06467
42.90444
50.64106
56.48884
52.35457
45.88997
45.11398
46.42678
45.15642
50.25362
65.84591
97.6835
130.4125
147.2894
155.3553
140.6546
120.694
92.97639
68.39478
51.86659
39.79613
38.11234
37.09079
30.4136
24.98233
18.94806
17.38241
10.79035
8.506288
8.782805
9.309208
6.297435
6.380664
6.698843
7.990365
5.848933
2.388208
2.057961
4.38753
0.9580321
0
0
0
0
0
0
0
0
0
0
0
0
0
0
0
0
0
0
0
0
0
0
0
0
0
0
0
0
0
0
0
0
0
0.1325916
3.686069
3.201225
3.662208
2.177322
3.259106
8.367764
13.29802
13.96526
13.02923
14.86454
13.55326
14.42342
23.54848
43.82897
57.98786
67.88206
63.73003
49.36281
35.70281
21.551
8.535763
2.267792
0.3283033
6.499042
15.9127
23.19424
29.18246
29.53622
23.09467
19.47112
11.93595
13.25487
24.09849
52.41245
109.426
169.3641
286.6474
448.5367
619.2755
841.2147
1021.392
1127.505
1130.248
1026.054
833.9324
609.0032
414.6313
245.1098
145.6542
75.45972
23.98411
4.491012
1.644761
4.204645
7.58994
16.30751
21.21381
22.1943
16.69776
17.7444
13.47882
13.4649
14.48709
26.24694
54.62902
88.41893
136.5023
155.1407
173.0063
150.4281
126.6786
102.7941
80.73307
67.44677
52.97879
47.67985
43.43854
34.91641
26.79576
18.82863
20.78805
16.73644
10.32239
10.22633
8.990245
9.477256
12.62504
8.803371
9.602015
7.322755
8.59873
9.374964
8.743895
1.999348
1.421845
0.5398232
0.3181867
0.0641919
0
0
0
0
0
0
0
0
0
0
0
0
0
0
0
0
0
0
0
0
0
0
0
0
0
0
0
0
0
1.504889
2.875434
2.208048
3.516034
3.295769
3.209283
5.55785
14.11466
14.70784
13.77276
17.60232
19.86754
18.43898
26.05064
42.57622
57.49329
67.7682
64.29284
52.22344
33.32231
20.49508
4.960953
1.837487
1.310371
7.593014
18.66678
27.74394
28.54495
25.01554
15.47685
8.275025
2.134604
3.746753
10.94907
37.5847
89.84736
142.0217
259.4292
407.5158
576.5267
789.1647
960.5902
1056.466
1063.925
964.8577
786.9002
581.6629
404.8649
249.7125
155.1318
85.22707
36.93614
15.13528
6.682819
8.044573
14.42832
25.90209
34.23797
30.12364
25.91061
24.52617
13.62754
8.121499
2.749764
15.99702
41.42567
71.52185
122.2837
145.3501
167.374
153.5919
130.5932
116.8191
97.02605
78.44326
66.0138
50.93809
40.80772
29.02486
22.47291
16.30571
16.18371
13.57984
13.81582
12.33876
14.78821
14.68782
13.90788
11.94165
9.496646
6.052284
10.05644
12.15766
6.862176
6.907403
8.101056
4.440068
5.079938
1.638489
0.1392789
0
0
0
0
0
0
0
0
0
0
0
0
0
0
0
0
0
0
0
0
0
0
0
0
0
0
0
0
0
0
0
0
0
1.571559
3.790014
7.560447
12.21415
15.31415
20.87737
27.26442
25.48923
29.273
44.91829
56.66867
61.76306
56.55436
42.04688
22.45282
12.956
3.316185
0.4222689
4.359291
19.50008
34.49577
49.85317
55.47228
51.14758
39.72376
27.03484
19.09921
16.38026
19.13188
40.0907
87.1295
136.1136
235.3699
367.6388
520.4339
700.7537
846.4941
930.6389
928.2205
843.2744
703.8518
536.1199
400.3624
262.4175
187.4697
119.6487
75.11473
53.46182
46.40265
51.99634
63.47955
74.99961
78.25106
77.22561
64.85049
59.98531
40.57303
21.82763
13.41723
19.28795
41.70131
64.16624
102.353
126.939
147.6435
145.0796
135.6696
126.5696
106.75
94.07669
79.37212
59.21474
40.91936
24.85614
15.24398
12.8667
12.35829
9.200239
11.43997
11.4303
10.28859
10.06285
6.984734
3.761274
4.589182
5.353676
3.622546
6.158902
3.740099
3.497145
1.548724
0.8712989
0.1610485
0
0
0
0
0
0
0
0
0
0
0
0
0
0
0
0
0
0
0
0
0
0
0
0
0
0
0
0
0
0
0
0
0
0
0
0
1.771586
5.71159
6.667361
11.44841
17.49888
23.54356
24.72131
27.16681
35.66313
38.01495
40.77334
40.5125
32.16209
19.3266
11.45867
6.713103
8.247326
19.85731
36.67768
53.51538
70.43581
85.73373
85.52305
80.68864
69.34382
62.54199
57.31592
59.85659
73.17981
109.6916
146.2881
216.5936
311.8924
419.5295
531.4214
620.5595
681.0943
682.3719
631.9016
546.0059
451.7131
364.7532
277.3329
228.1863
178.7851
146.3139
127.0926
126.6052
130.6694
142.4146
146.6281
143.3807
135.9369
116.7951
108.1773
86.16635
64.77438
53.68732
56.59852
59.00648
67.83945
89.76908
110.1534
121.3036
125.918
123.6571
113.392
96.92231
83.50088
70.16396
50.5074
31.35388
16.87414
9.979993
6.523243
4.431657
4.488371
6.47188
4.926602
3.026214
2.058769
1.722241
2.468953
1.018565
0.2559891
0.03256898
0.2033466
1.195341
1.100478
0.5388756
0.08205707
0
0
0
0
0
0
0
0
0
0
0
0
0
0
0
0
0
0
0
0
0
0
0
0
0
0
0
0
0
0
0
0
0
0
0
0
0
0
0
0.2655536
1.723473
4.636482
11.11597
15.78078
13.77201
21.05476
23.04013
27.05234
23.62123
24.49927
22.8761
25.27061
28.40217
38.42324
49.64432
62.6829
77.28558
96.1939
107.7962
110.2764
116.0988
113.3834
118.6262
115.9171
112.8117
125.77
150.2694
173.4061
219.2104
261.5045
311.7391
354.9068
393.4446
408.6712
413.1634
396.413
367.9436
335.7056
310.3707
282.1732
267.6849
240.564
234.0549
219.6093
222.4278
217.5793
219.7338
218.9919
206.9895
201.4726
184.3439
170.5123
156.475
133.0158
120.3001
115.0809
103.9032
100.8324
96.7443
97.88281
94.12382
91.03772
86.44142
77.14065
60.7871
48.8851
43.42271
28.23346
17.46419
4.80537
1.496544
0.5245826
0.0640748
0
0
0
0
0
0
0
0
0
0
0
0
0
0
0
0
0
0
0
0
0
0
0
0
0
0
0
0
0
0
0
0
0
0
0
0
0
0
0
0
0
0
0
0
0
0
0
0
0
0
0
0
0
0
0
0
0
0
0
0.6645224
5.705211
8.658302
15.33577
23.31891
34.06939
40.45635
44.24411
57.2733
73.33029
83.98658
91.79981
104.5664
117.8937
128.9175
125.1886
127.6354
128.2068
140.972
149.881
158.6192
171.1251
189.6305
203.1395
211.9171
223.967
224.2516
220.548
220.6548
217.7495
214.8321
211.3322
211.8985
226.164
241.9879
260.0531
281.5535
285.7362
284.4559
273.2543
270.3816
263.9868
262.0161
257.28
248.662
245.9529
242.1064
233.9606
222.52
207.9195
193.8518
177.6013
156.6002
143.2625
118.1248
99.49346
80.52705
57.77723
41.00983
30.72554
19.30757
13.26546
9.170333
8.864512
5.670761
9.533903
5.574074
2.242987
1.705694
0.330175
0
0
0
0
0
0
0
0
0
0
0
0
0
0
0
0
0
0
0
0
0
0
0
0
0
0
0
0
0
0
0
0
0
0
0
0
0
0
0
0
0
0
0
0
0
0
0
0
0
0
0.05526536
0.214777
0.760511
0.340909
0.1006909
0.01444847
0
0
0
0.05814676
8.458946
18.69646
29.71251
44.04395
53.12817
61.28876
72.86021
82.57133
97.17356
107.4015
120.6363
133.5328
128.8445
115.4749
114.0513
115.1142
126.5289
146.3961
161.0541
173.7829
191.929
197.4167
190.6825
186.5646
182.8972
169.3613
161.0934
154.3424
142.2987
132.1709
124.8287
140.1057
164.4501
197.5004
230.5895
243.8772
254.4425
244.9837
241.1594
236.4431
236.7984
240.0511
243.0668
252.2764
260.9685
257.7211
251.3276
231.7804
219.6011
199.7713
179.5318
160.0377
131.5196
103.4322
76.33953
38.15809
14.75819
3.665251
1.387858
1.803026
6.828432
14.66668
19.57013
22.91017
26.71266
21.84455
17.8908
14.25059
8.663028
1.488194
0.007766761
0
0
0
0
0
0
0
0
0
0
0
0
0
0
0
0
0
0
0
0
0
0
0
0
0
0
0
0
0
0
0
0
0
0
0
0
0
0
0
0
0
0
0
0
0
0
2.474356
9.569835
15.02421
17.63678
17.42112
13.76085
9.516413
3.520365
1.705845
2.28462
4.128683
10.39608
22.5632
35.74252
48.86365
55.3647
60.67497
67.47753
79.26537
91.52554
107.8073
126.9804
137.9361
134.7059
113.908
98.58034
91.27865
97.18496
109.0896
123.7038
137.7387
148.4336
154.7132
156.6434
157.62
162.806
175.892
185.6969
187.2995
170.0224
141.8977
112.1502
96.33492
102.5372
123.3378
150.7528
170.7789
178.6229
183.802
181.0258
184.0503
197.3249
208.6077
230.365
245.7635
262.097
260.3772
249.2905
231.3234
214.5813
196.4119
178.3787
156.1286
129.8319
98.00438
69.86782
32.76337
8.394161
1.402372
0.516701
8.666508
22.6345
35.45217
48.60446
55.22279
55.69276
49.30185
40.85695
27.71158
17.6241
11.60842
7.919369
1.414473
0
0
0
0
0
0
0
0
0
0
0
0
0
0
0
0
0
0
0
0
0
0
0
0
0
0
0
0
0
0
0
0
0
0
0
0
0
0
0
0
0
0
0
0
1.705429
2.633137
12.92578
18.09157
23.53794
24.93825
21.78978
14.35327
9.10743
2.99682
1.85572
4.17799
12.31694
25.78001
35.58564
45.20247
47.8649
53.471
58.76268
74.83198
93.06431
111.7119
133.1919
147.7473
143.6184
116.8476
92.7392
78.39122
75.26433
74.97036
82.26961
89.84594
93.76571
100.4631
108.9499
126.5326
151.9431
188.0435
217.3542
229.1753
211.5057
168.2698
123.7455
82.35359
65.9645
67.21912
76.22895
88.68596
102.5755
115.6457
126.7642
143.8093
163.941
194.3355
228.1573
248.3229
267.2793
266.5995
253.058
225.4049
203.0729
185.5835
163.3938
146.9285
120.5837
90.34614
61.43454
27.21796
6.813021
2.154211
7.41745
20.1284
36.91275
54.67875
65.77155
70.93077
67.51959
58.29136
41.15744
33.76069
20.57617
10.34126
4.856633
3.019607
1.47243
1.800515
2.901142
2.380429
2.52628
1.071304
0.584289
0.1080922
0
0
0
0
0
0
0
0
0
0
0
0
0
0
0
0
0
0
0
0
0
0
0
0
0
0
0
0
0
0
0
0
0
0
0
0
3.894102
7.681659
10.48225
17.38235
22.35958
25.82616
22.97265
18.29033
15.05106
10.12994
5.390247
9.032419
12.70499
26.52252
35.00699
45.95842
49.69861
54.07228
67.68234
84.68771
104.5685
126.0168
149.6827
162.2013
152.3415
126.2402
95.81882
74.75871
63.22449
55.12051
50.83424
50.14034
52.75475
54.87634
71.69258
93.87098
125.5032
171.3601
209.1626
217.9977
208.6859
173.0564
130.9174
79.82458
51.63732
35.99778
32.02726
36.91226
53.94282
72.40519
95.5602
117.9681
152.8209
191.2495
236.6546
265.1715
290.9291
292.2015
273.5974
247.7707
222.2046
195.5219
167.9335
146.7802
111.9743
83.50115
57.02235
25.95275
7.578844
4.089733
14.84831
29.96392
47.31587
62.71302
68.12466
69.8198
63.35853
53.88883
36.42638
24.56657
15.43405
9.443575
4.845798
0.7744978
0.1584967
0.7888335
5.183417
3.914185
4.695276
4.228932
2.816296
2.046357
0.9599898
0.1410295
0
0
0
0
0
0
0
0
0
0
0
0
0
0
0
0
0
0
0
0
0
0
0
0
0
0
0
0
0
0
0
0
0
0
0
0.1491977
6.926027
11.15527
15.87849
19.63692
19.24054
15.45926
11.98159
8.262861
4.223205
7.116932
13.17257
20.0949
31.20419
42.92742
52.42095
66.04411
88.13644
105.7496
124.7407
144.45
156.1239
160.8084
151.8767
127.6934
98.49499
79.84939
61.31297
44.07576
32.64672
26.81605
25.45166
28.79487
39.72713
62.87328
92.69565
125.7116
149.2772
160.9757
158.9581
138.4584
109.6975
71.99868
45.19113
21.27156
11.74562
9.711224
22.10272
42.28472
73.44914
110.9442
149.1687
193.7107
237.4923
271.4068
297.3564
310.0901
296.2834
275.9173
248.4782
219.3704
179.1438
146.2616
104.9023
75.55416
47.51683
22.36721
10.85017
5.334158
13.57916
27.33745
40.7627
48.74903
51.33857
49.42052
41.09304
32.09444
19.03496
8.38352
5.121689
1.017184
0.02051445
0
0
3.287349
7.783889
7.670523
8.096496
6.578869
4.117399
2.065318
0.3707262
0.01019103
0
0
0
0
0
0
0
0
0
0
0
0
0
0
0
0
0
0
0
0
0
0
0
0
0
0
0
0
0
0
0
0
0
0
0
0
0
0
3.200167
7.617601
8.448938
6.458862
8.356576
4.886398
4.818664
4.337734
8.448575
17.93603
31.3263
47.57314
60.24695
79.62377
106.774
130.979
146.1593
158.4289
155.9058
161.0855
142.7537
121.8826
94.48818
77.38678
64.87742
43.48722
29.96588
23.13212
17.5046
20.10149
31.05209
42.03492
54.14222
64.3112
74.2697
81.78148
84.36436
80.323
69.97932
57.17195
42.08823
23.05369
10.23956
2.842797
9.559953
26.80883
58.94728
105.4436
148.3447
189.5457
238.1155
265.8836
303.362
322.3045
327.9595
310.863
287.5326
246.5269
203.7313
162.3826
110.6948
75.5245
49.23801
21.79593
7.946917
6.13287
11.60195
17.00658
25.80735
27.98841
27.86472
22.50532
13.94873
9.903238
5.053228
0.7807111
0
0
0
0.5778753
3.387752
6.593794
9.002001
7.329241
7.664068
4.86208
1.415816
0.1475856
0
0
0
0
0
0
0
0
0
0
0
0
0
0
0
0
0
0
0
0
0
0
0
0
0
0
0
0
1.620047
2.010944
0.3908973
0
0
0
0
0
0
0
0
0
1.630136
4.573411
6.732924
6.792313
6.080586
8.099441
9.314602
10.60618
13.19768
24.74092
37.59424
54.67053
74.60001
95.95022
123.6882
148.4363
165.6428
165.5633
158.2168
149.4658
134.5353
115.9396
100.4458
80.34707
65.88202
46.49697
33.89639
27.26889
26.58743
29.54354
30.54361
32.52761
31.35146
28.4735
27.54294
27.71824
29.77348
35.47421
37.25844
37.08876
37.22455
29.53513
18.58298
10.87496
13.88661
23.96393
52.68244
95.78277
140.938
181.8955
221.6292
255.8278
290.8524
315.5977
327.9409
316.2274
296.9723
262.2202
217.597
173.6378
121.7075
84.48835
55.26753
27.92851
15.0451
11.64393
13.9506
14.71356
16.14458
16.34905
12.50953
7.541692
4.885007
4.032196
1.878479
2.009101
1.86699
5.280817
9.0911
10.71019
14.58331
14.32918
14.7828
14.00085
13.54268
9.873039
7.295495
2.832754
1.733498
0.3312563
0
0
0
0
0
0
0
0
0
0
0
0
0
0
0
0
0
0
0
0
0
0
0
0
0
0
0
0
0
0
0
0
0
0
0
0
0
0
0
0
0
0
5.077431
5.629693
4.376243
6.719833
12.79737
21.2562
35.09385
55.65151
74.92234
94.50932
120.4254
145.0441
161.6007
160.5017
149.413
141.2275
124.8305
108.15
88.33438
74.92478
61.90426
42.45702
31.85246
29.34218
28.67973
28.72862
25.05227
18.98081
11.56487
4.70857
2.09513
4.900431
5.110983
7.734403
10.97025
15.87674
24.96985
24.72575
22.7355
16.18957
14.34297
21.51187
45.17995
81.03281
123.2176
162.9047
203.3359
234.9837
274.9095
301.0435
305.2298
302.6974
292.4846
261.3874
216.8563
172.8153
120.7766
82.14582
54.87066
27.45769
13.25011
9.26386
5.996626
6.435846
7.118439
4.619272
0.7760299
0
0
0
0.4672726
0.8198237
5.413207
8.138082
11.82963
13.01898
15.34291
14.22417
14.04866
12.83189
8.341741
4.272971
0.9192385
0.05600977
0.3497006
1.257083
0.2829591
0
0.4672726
1.301084
2.804459
3.896456
3.523586
0
0
0
0
0
0
0
0
0
0
0
0
0
0
0
0
0
0
0
0
0
0
0
0.5893661
1.143735
2.839344
5.316597
4.021371
3.105568
3.401679
0.8894498
0.0503995
0
0
0
0
0.8901706
2.092287
2.920781
6.098415
19.8092
32.10259
52.26294
67.33338
86.52052
114.1312
129.6183
147.5827
149.7198
146.9945
136.2531
117.4415
95.78753
76.22101
64.59913
51.00665
35.56499
29.19479
26.27217
21.31267
21.92609
12.04945
5.668575
1.127862
0.4532408
4.077123
7.040701
5.867202
5.738439
5.06904
6.586987
12.73363
21.66737
19.20704
15.13287
13.59438
18.30839
37.19142
67.93909
105.2621
146.3195
179.5134
212.7547
246.6514
267.9854
281.5799
276.4303
261.3214
236.6235
195.3061
164.0857
116.0928
78.55617
54.00492
21.98436
7.263508
2.715627
0.6733377
3.967133
2.290976
0.8032999
0.224034
0.9648208
2.510922
2.631063
3.930361
5.590533
8.006325
7.808462
13.28317
13.36106
14.38993
13.70694
10.72675
9.291579
7.582651
2.448002
1.030792
0.8547646
0.6045715
0.7739604
0.4929423
0.7470256
0.8278298
0.8968578
1.415485
1.082005
2.244622
0
0
0
0
0
0
0
0
0
0
0
0
0
0
0
0
0
0
0
0
0
0
0
0
0.1815525
1.212642
3.424423
2.041176
2.971306
3.807345
3.425212
1.370652
0.1757689
0
0
0
0
0.2425918
0.5456598
3.019912
12.82894
27.20087
41.15972
60.37999
73.542
100.0162
119.0109
131.5559
133.6297
133.9056
131.9707
115.3739
97.61847
73.53767
55.32334
45.19541
31.38815
21.83035
19.00751
17.68676
13.13487
8.959542
2.668694
2.959845
6.395248
13.50224
19.58872
19.28225
16.65139
12.3329
11.84381
9.536093
12.77773
13.84287
13.18009
12.18297
19.61213
32.11844
57.92902
86.92109
124.2875
161.8503
192.5284
226.1619
243.7463
252.9012
254.3958
238.3175
216.2424
178.7145
145.021
103.9896
69.63031
44.49623
18.36936
5.435254
1.564183
1.309693
1.197257
3.698911
2.299601
3.485903
2.281996
4.159524
4.462276
4.26599
3.810643
5.99105
10.92237
9.966909
11.43798
9.355768
12.67505
10.69872
6.186907
4.459915
3.302207
0.7575887
0.03880798
0.3237633
1.058115
2.671379
2.606224
2.600293
2.597346
1.534955
1.448429
3.732699
0
0
0
0
0
0
0
0
0
0
0
0
0
0
0
0
0
0
0
0
0
0
0
0
0
0
0
0
0
0
0
0
0
0
0
0
0
0
0
1.505338
8.797503
16.47871
30.72769
45.95548
62.38486
78.11702
92.80294
107.5257
112.0985
117.368
116.6596
105.2159
83.81652
60.42789
44.17795
38.2903
28.73645
18.77199
15.38795
10.59045
7.212349
6.723783
8.629019
11.53501
14.83695
25.21756
29.32879
32.72525
31.87757
26.67105
20.73663
19.7177
17.26894
11.94298
14.47397
18.22903
23.57342
33.80427
52.82743
75.68796
107.9864
137.1652
163.2864
193.019
211.3685
216.4105
209.1329
198.9554
178.2231
148.1586
120.2462
85.50189
59.47468
38.29783
17.82545
10.21505
8.160617
4.348475
6.739247
9.256099
9.010511
7.240583
7.722746
2.329958
0.1901204
0
0.06763063
0.1782414
2.512824
5.283762
7.084683
8.536441
7.504492
7.878804
4.588152
0.7633884
0.03047418
0.05038308
0.0332056
0.0730234
0.04998858
0.008124191
0
0
0.02234999
0.01642261
0.03633151
0.03047418
0
0
0
0
0
0
0
0
0
0
0
0
0
0
0
0
0
0
0
0
0
0
0
0
0
0
0
0
0
0
0
0
0
0
0
0
0
0
0.5470248
1.030349
3.725306
11.45698
21.30274
31.24154
43.52158
54.9494
67.57913
75.90229
83.16302
81.67508
81.41131
74.93215
65.3872
50.2606
43.3367
35.18794
24.84629
22.20889
17.8044
14.16232
16.80357
21.72083
25.2686
30.56711
34.92894
41.62368
45.77324
46.97168
46.377
41.44317
36.00759
34.87909
28.90843
26.55537
26.01741
28.19101
33.07624
41.41056
51.8473
70.91888
87.22298
103.4739
121.7727
140.9711
148.895
156.4573
156.107
144.2315
128.2522
107.8861
89.53791
60.82507
44.58254
31.14087
19.5517
13.15128
12.83434
13.88844
16.03602
12.95376
14.58194
14.116
7.629345
2.293389
0.4473295
0.0437453
0
0
0.2422536
2.567362
3.336688
4.57531
3.495617
1.276381
0.1594759
0
0
0
0
0
0
0
0
0
0
0
0
0
0
0
0
0
0
0
0
0
0
0
0
0
0
0
0
0
0
0
0
0
0
0
0
0
0
0
0
0
0
0
1.228246
2.053563
4.849394
4.614043
2.103134
4.734988
6.425484
5.440168
5.164123
6.01661
8.411522
12.89085
19.11689
23.86536
29.08312
37.94049
44.79254
50.24496
49.83001
49.76673
52.42779
47.04727
39.99367
37.72796
34.8954
34.49172
35.39255
33.03176
33.65501
38.61353
41.14755
43.46096
49.46171
52.93321
52.96603
57.74372
57.55855
63.57693
60.05725
53.81832
50.62781
51.46063
49.37237
50.25962
49.30804
51.77117
51.90047
54.08422
58.31631
62.70891
68.25273
75.37165
83.37882
94.53988
98.30061
100.6288
100.3459
94.82361
84.87009
73.70245
61.44182
50.89237
41.30067
34.72564
29.1161
23.17216
22.79869
21.52706
21.59409
18.11497
19.49038
14.72444
11.94755
9.369885
5.446302
6.758657
7.758735
5.402024
8.96904
10.30544
9.480786
8.070294
10.59002
6.530321
4.671744
4.870891
3.846905
1.431229
0.1775115
0
0
0
0
0
0
0
0
0
0
0
0
0
0
0
0
0
0
0
0
0
0
0
0
0
0
0
0
0
0
0
0
0
0
0
0
0
1.610426
3.054547
4.783889
2.420947
2.210181
3.04569
1.733569
2.739245
3.958996
6.830008
6.599138
7.88883
12.47399
15.55172
22.10518
25.4919
29.35156
31.18179
32.38715
34.39264
30.14387
26.28876
22.38189
18.66433
14.71587
16.80533
21.51917
27.60027
34.14891
42.04609
46.80739
50.90816
55.51974
58.1588
56.25113
55.81843
56.88081
58.48956
55.18371
57.0895
53.25993
53.89575
58.7698
62.20847
64.34247
66.50685
64.33902
62.17375
55.76732
52.43528
47.94531
43.18324
40.01353
42.09094
45.83849
53.72845
53.24868
60.81698
65.33348
66.30547
67.52028
62.34675
50.01407
45.55348
40.11282
32.50472
27.5581
23.32581
20.94154
18.91157
17.29422
11.8112
12.39051
11.19524
9.67313
8.037049
6.910343
7.251002
8.940783
9.356601
9.868683
13.91467
11.49541
10.97392
8.783256
9.309004
8.048739
5.106828
3.766449
2.198857
1.432945
0.2583969
0
0
0
0
0
0
0
0
0
0
0
0
0
0
0
0
0
0
0
0
0
0
0
0
0
0
0
0
0
0
0
0
0
0
0
0
0
0
0
0
0
0
0
0
0.4763133
2.217375
4.385131
9.109719
12.02853
17.34547
23.89321
31.88465
34.0484
39.96464
38.57527
39.09404
27.89149
15.822
11.60637
5.717892
4.255882
7.417895
12.71129
16.59263
25.30942
32.44009
42.3294
51.18894
53.00157
56.81874
56.47532
51.8085
43.42826
41.99438
43.91844
43.85476
44.94804
46.36218
57.19229
63.71351
66.22311
68.29557
66.6117
57.03871
49.54612
42.07601
30.47156
25.16443
21.04561
19.70265
24.65117
32.16883
40.97368
47.38769
63.68569
72.53157
73.2983
71.17122
61.74919
50.14396
39.73802
31.55238
22.31609
15.96475
12.95485
8.136464
9.361505
5.241937
5.921832
5.981871
6.091546
6.916902
7.714608
4.195585
5.635489
7.051709
7.926846
12.24604
11.5118
11.86053
12.61368
9.316171
9.268702
8.928091
6.066873
4.700829
4.114582
1.278096
0.5964226
0.1149285
0
0
0
0
0
0
0
0
0
0
0
0
0
0
0
0
0
0
0
0
0
0
0
0
0
0
0
0
1.774459
3.157189
4.60418
5.418201
2.1597
0.2610907
0
0
0
0
0
0
0
0
0
0.09006707
5.626066
6.845662
14.76627
22.58361
28.95
34.23731
41.41925
44.92251
46.91744
42.02981
30.21546
20.7553
12.98268
6.146384
2.227677
2.139076
5.104731
14.16054
18.57888
24.93008
29.32907
36.95087
41.56431
47.60385
50.12392
49.14966
42.29688
37.9147
35.00812
40.36876
43.04287
49.65269
56.00667
63.73847
61.25039
56.70766
53.47045
42.05884
30.25682
25.791
15.45668
11.80122
8.021913
8.734405
12.98259
25.32994
36.04633
47.77522
65.69186
76.59858
78.98822
75.73637
65.0507
51.1986
37.38482
29.9097
16.28155
9.476348
5.688981
2.265474
3.897373
3.413918
5.019709
5.897288
4.390741
6.220316
6.768335
5.277451
5.275184
4.598914
4.163012
8.190563
9.15536
10.88699
10.10758
8.709485
10.01174
7.862529
5.44525
4.498785
4.628146
2.019493
3.933697
2.224901
3.860955
4.284935
2.775922
2.352264
2.263095
3.739063
0
0
0
0
0
0
0
0
0
0
0
0
0
0
0
0
0
0
0
0
0
0
0.9109463
3.283464
4.696067
1.81026
2.926076
1.233991
1.561494
2.323706
0.4778882
0
0
0
0
0
0
0
1.250607
2.377121
8.284978
15.92953
24.24964
32.50151
40.95232
43.21868
44.71952
41.37395
31.11465
24.1068
15.02774
5.665996
0.8797751
0.03081095
0.1993015
3.169775
7.195738
11.88328
17.47874
24.17035
31.81187
42.58691
47.90147
49.9134
52.23452
50.49424
45.97699
48.91982
54.85663
60.25947
65.46603
66.27374
57.57717
45.29921
41.323
29.58369
19.09796
11.84498
6.072564
4.544299
3.846949
6.031359
11.99274
23.62172
34.4363
46.86675
61.04629
66.78932
71.57995
68.61009
59.44046
41.0331
31.51146
20.0453
11.64136
5.330015
0.8075158
0
0
0
1.733724
4.382664
6.145019
5.24219
4.308969
4.868497
3.668558
2.539718
5.258679
5.573583
7.978777
12.07201
11.12527
10.21635
11.02232
7.928999
7.118621
8.370784
7.082156
5.419861
4.787399
5.630342
4.600823
6.825385
6.838522
4.067925
2.746368
4.604468
0
0
0
0
0
0
0
0
0
0
0
0
0
0
0
0
1.978332
2.733954
3.914729
1.807612
0.2399401
0
0
0.5894938
1.118323
2.297249
3.472997
1.885624
0.2817435
0.344813
0.2200577
0.03302227
0
0
0
0
0
0
0
0.8392265
3.309444
9.35117
14.67167
22.24233
27.22735
27.72418
31.81752
30.80273
26.3321
21.30213
15.25001
7.280858
4.80059
1.535612
2.398342
3.476962
4.294801
5.873691
10.99408
16.98512
24.25172
41.26079
52.59358
55.89092
59.97188
61.51703
61.17621
70.22473
68.59145
70.77551
71.34855
63.1567
52.84987
38.32509
27.36099
16.40698
10.82029
8.104785
6.304814
4.317489
3.741237
6.475805
12.03055
22.63228
30.46858
38.70209
42.4986
45.98437
48.68
46.81863
38.01601
26.17693
18.60121
12.16308
6.492005
2.776882
0.4155596
0.06754036
0.2917915
0.06647351
1.891261
5.037867
8.260699
7.121823
8.064031
6.535698
5.875699
4.02135
6.024167
6.565292
8.984289
7.824945
10.16383
10.19939
9.621602
7.537601
6.482548
6.305212
5.078064
6.039132
3.305912
5.974657
5.617747
6.342732
4.481428
3.185329
3.570539
5.086327
0
0
0
0
0
0
0
0
0
0
0
0
0
0
0
0
0
0
0
0
0
0
0.5484592
1.224624
4.348366
3.977229
2.00542
1.498761
2.59929
2.580183
3.070145
1.197288
0.3810804
0.0948508
0.008766595
0
0
0
0
0
0
2.414456
6.448979
5.621323
7.035646
11.9537
12.71936
11.96822
13.65675
10.23203
10.82099
4.599754
0.9457737
0.08702767
0
0
0
0.8262069
4.074786
12.61588
21.15983
34.17435
48.32763
56.65542
68.2976
74.28371
77.43669
80.92846
82.41257
79.93805
69.23571
58.58667
44.88349
28.27928
20.39169
8.009942
2.537988
0.6397047
0.7560865
0.4383033
1.695468
6.037125
10.2561
15.3685
19.23518
22.86111
26.03935
26.42112
22.72207
18.87554
16.64777
10.97279
7.408432
6.712094
4.293027
2.959062
1.592756
0.3917395
0.03549462
0.7265336
1.941505
5.830269
2.900411
4.812663
7.457093
9.515222
5.88305
7.655163
6.55811
6.350587
6.44664
5.658205
7.500614
4.789946
7.061867
7.605851
6.097641
3.59866
1.837456
3.110789
1.956246
1.06881
3.002911
1.86183
1.237377
0.6393898
0.7861681
0.9943682
0
0
0
0
0
0
0
0
0
0
0
0
0
0
0
0
0
0
0
0
0
0
0
0
0
1.397533
3.64448
2.423351
2.428641
0.7990194
5.277291
3.645662
3.905034
2.838219
0.9555753
0.1120832
0
0
0
0
3.465082
4.39966
2.030201
0.5390874
0.4459923
2.621105
4.391733
5.827622
6.340022
5.727271
4.718453
2.128286
0.3018073
0
0
0
0
0
3.54255
11.48977
23.14314
31.61851
44.48806
55.23936
72.95383
77.67553
83.06872
88.58664
84.13976
77.88542
65.53685
54.53658
38.38079
24.45792
12.92778
4.941396
1.020194
0.08021632
0
0
0
0.2050918
5.801018
10.14973
11.47761
11.72085
11.07398
9.699489
9.096286
9.31302
8.915392
8.958352
9.77844
6.171221
4.642065
4.480285
3.508018
4.747522
5.041127
3.384216
3.379526
4.130614
6.312398
6.186813
7.543085
7.868237
7.856811
9.140445
8.6227
9.209105
9.640381
7.304797
7.422719
10.29649
10.73804
6.14833
5.446571
5.924366
3.130849
4.793209
5.164791
4.435359
3.33721
4.334961
5.996043
3.346539
0.5107892
0
0
0
0
0
0
0
0
0
0
0
0
0
0
0
0
0
0
0
0
0
0
0
0
0
0
0
0
0
0
0
0
0
0
0
0
0
0
0
0
0
0
0
0
0
0
0
0
0
0
0
0
0
0
0
0
0
0
0
0
7.967711
12.77976
20.27713
28.79976
43.01244
56.56075
63.95056
72.98877
74.68075
68.84039
59.66295
45.99188
34.74168
22.05648
13.31289
6.69715
1.06138
0
0
0
0
0
0
0
0.592763
1.78955
2.176376
1.645576
2.47027
0.7510728
2.065368
2.903233
5.679199
4.086094
4.512507
3.214257
1.802624
2.213183
0.6571505
0.04726614
0
0
0
0.1958912
0.899218
1.411624
2.839523
4.790791
5.086917
5.350587
5.242997
5.201091
3.733023
2.435869
2.741175
1.807485
2.676752
2.683206
2.751799
0.7370174
0.04726614
0
0
0
0
0
0
0
0
0
0
0
0
0
0
0
0
0
0
0
0
0
0
0
0
0
0
0
0
0
0
0
0
0
0
0
0
0
0
0
0
0
0
0
0
0
0
0
0
0
0
0
0
0
0
0
0
0
0
0
0
0
0
0
0
0
0
0
4.371627
7.799353
14.21939
23.64216
32.81335
47.03903
54.62556
60.14334
61.32415
53.33403
44.84459
34.63287
25.65178
17.85601
12.01729
4.485272
0.5679322
0
0
0
0
0
0
0
0
0
0
0
0
0
0
0
0.0785857
0.0412084
0.07268573
0.01624298
0
0
0
0
0
0
0
0
0
0.01097883
0.1932189
2.510488
2.008642
2.761306
2.017417
2.014045
0.458558
0.01352419
0
0
0
0
0
0
0
0
0
0
0
0
0
0
0
0
0
0
0
0
0
0
0
0
0
0
0
0
0
0
0
0
0
0
0
0
0
0
0
0
0
0
0
0
0
0
0
0
0
0
0
0
0
0
0
0
0
0
0
0
0
0
0
0
0
0
0
0
0
0
0
0
0
0
4.710837
8.788874
18.17083
23.67608
30.06701
44.01298
48.7007
51.05122
53.01744
48.44447
41.11663
35.11965
25.6238
19.05826
13.10127
10.06913
4.017781
1.650163
0.2731265
0
0
0
0
0
0
0
0
0
0
0
0
0
0
0
0
0
0
0
0
0
0
0
0
0.6026237
2.251113
4.656952
6.059319
4.853297
4.394064
3.281903
3.256419
3.834128
3.385457
4.286573
1.911736
5.423337
5.995115
3.076682
2.398265
2.584976
0.5112284
0
0
0
0
0
0
0
0
0
0
0
0
0
0
0
0
0
0
0
0
0
0
0
0
0
0
0
0
0
0
0
0
0
0
0
0
0
0
0
0
2.176816
1.829338
2.617881
2.786347
2.911859
2.699764
1.973394
0.8779887
0.920532
0.9852035
2.052518
1.421418
0.716818
0.2033985
0.02100428
0
0
0
0
0
0
0
0
0
0
0.7936947
3.456175
6.790596
8.886542
20.10231
24.70496
28.57954
36.95308
40.75953
40.65423
40.99231
39.0392
36.92724
33.27646
29.80596
21.02141
15.95466
11.60729
6.634608
2.840381
3.124782
5.119889
5.017878
3.893612
3.351764
2.807515
2.993017
2.348871
1.306023
0.2130659
0
0
0
0
0
0
0
0
0
0
0
0
0
1.99622
4.018374
7.218019
6.129678
4.940423
6.659231
4.26092
4.963105
4.223382
1.75111
2.141481
1.919791
0.7967397
1.177167
2.92667
3.521718
3.830256
1.772499
0.2451126
0
0
0
0
0
0
0
0
0
0
0
0
0
0
0
0
0
0
0
0
0
0
0
0
0
0
0
0
0
0
0
0
0
0
0
0
0
0
0
0
0
0
0
0
0
0
0
0
0
0
0
0
0
0
0
0
0
0
0
0
0
0
0
0
0
0
0
0
5.304957
11.26979
15.97689
18.92972
19.5829
24.72181
24.31301
25.0233
26.99193
27.75964
26.82558
22.93555
22.61988
20.05836
10.58571
8.735764
3.952391
0.540779
0
0
0
0
0
0
0
0
0
0
0
0
0
0
0
0
0
0
0
0
0
0
0
0
0
0
0
0
0
0
0
0
0
0
0
0
0
0
0
0
0
0
0
0
0
0
0
0
0
0
0
0
0
0
0
0
0
0
0
0
0
0
0
0
0
0
0
0
0
0
0
0
0
0
0
0
0
0
0
0
0
0
0
0
0
0
0
0
0
0
0
0
0
0
0
0
0
0
0
0
0
0
0
0
0
0
0
0
0
0
5.867648
7.490099
9.708378
13.37148
11.68533
14.89241
14.59035
16.16993
16.48794
15.49566
15.367
18.20276
18.48574
14.22724
13.12834
10.59867
6.431202
3.359796
2.203692
0.3991711
0
0
0
0
0
0
0
0
0
0
0
0.9595746
2.719764
2.395095
3.984941
3.686928
3.26603
4.644921
3.593393
0.6329035
0
0
0
0
0
0
0
0
0
0
0
0
0
0
0
0
0
0
0
0
0
0
0
0
0
0
0
0
0
0
0
0
0
0
0
0
0
0
0
0
0
0
0
0
0
0
0
0
0
0
0
0
0
0
0
0
0
0
0
0
0
0
0
0
0
0
0
0
0
0
0
0.6309949
0.5720116
0.101283
0
0
0
0
0
0
0
0
0
0
0
0
0
0
0
2.642913
5.139335
6.08671
4.29164
6.945309
8.3117
8.310752
7.613696
7.760444
6.285484
6.762456
8.331852
7.057096
5.46762
4.704276
3.852136
0.8170934
0.02483055
0
0
0
0
0
0
0
0
0
0
0
0
0.2085258
1.396015
3.902485
5.415475
3.358951
2.144808
2.196504
1.608119
0.3855153
0.02483055
0
0
0
0
0
0
0
0
0
0
0
0
0
0
0
0
0
0
0
0
0
0
0
0
0
0
0
0
0
0
0
0
0
0
0
0
0
0
0
0
0
0
0
0
0
0
0
0
0
0
0
0
0
0
0
0
0
0
0
0
0
0
0
0
0
0
0
0.5137642
1.240414
3.703001
3.193434
4.566075
1.886997
0.2226955
0
0
0
0
0
0
0
0
0
0
0
0
0
3.226367
5.019378
5.018654
5.613492
8.899569
9.878342
11.33101
12.20782
10.19516
11.12793
9.845224
7.899574
8.168554
4.896338
4.887617
1.428558
0.54629
0.4726252
0.08841616
0
0
0
0
0
0
0
0
0
0
0
0.5137642
0.9869921
2.158686
6.050386
5.723777
4.07231
6.135498
6.480711
5.258001
3.719303
1.030446
0.08841616
0
0
0
0
0
0
0
0
0
0
0
0
0
0
0
0
0
0
0
0
0
0
0
0
0
0
0
0
0
0
0
0
0
0
0
0
0
0
0
0
0
0
0
0
0
0
0
0
0
0
0
0
0
0
0
0
0
0
0
0
0
0
0
0
0
0
0
0
0
0
0
0
0
0
0
0
0
0
0
0
0
0
0
0
0
0
0
0
0
0.7601819
1.820917
5.671832
6.63251
7.915133
8.30975
9.02036
7.619485
3.800611
1.593162
0.2450906
0
0
0
0
0
0
0
0
0
0
0
0
0
0
0
0
0
0
0
0
0
0
0
0
0
0
0
0
0
0
0
0
0
0
0
0
0
0
0
0
0
0
0
0
0
0
0
0
0
0
0
0
0
0
0
0
0
0
0
0
0
0
0
0
0
0
0
0
0
0
0
0
0
0
0
0
0
0
0
0
0
0
0
0
0
0
0
0
0
0
0
0
0
0
0
0
0
0
0
0
0
0
0
0
0
0
0
0
0
0
0
0
0
0
0
0
0
3.560842
4.608078
7.457184
7.131688
7.136615
7.592579
4.555298
2.7556
4.211598
5.88086
1.787277
0.1411923
0
0
0
0
0
0
0
0
0
0
0
0
0
0
0
0
0
0
0
0
0
0
0
0
0
0
0
0
0
0
0
0
0
0
0
0
0
0
0
0
0
0
0
0
0
0
0
0
0
0
0
0
0
0
0
0
0
0
0
0
0
0
0
0
0
0
0
0
0
0
0
0
0
0
0
0
0
0
0
0
0
0
0
0
0
0
0
0
0
0
0
0
0
0
0
0
0
0
0
0
0
0
0
0
0
0
0
0
0
0
0
0
0
0
0
0
0
0.3985462
1.73675
4.458008
5.337883
3.769304
5.729254
6.591666
3.649119
0.8325449
0.06383312
0
0
0
0
0
0
0
0
0
0
0
0
0
0
0
0
0
0
0
0
0
0
0
0
0
0
0
0
0
0
0
0
0
0
0
0
0
0
0
0
0
0
0
0
0
0
0
0
0
0
0
0
0
0
0
0
0
0
0
0
0
0
0
0
0
0
0
0
0
0
0
0
0
0
0
0
0
0
0
0
0
0
0
0
0
0
0
0
0
0
0
0
0
0
0
0
0
0
0
0
0
0
0
0
0
0
0
0
0
0
0
0
0
0
0
0
0
0
0
0
0
0
0.00228494
0.01221661
0.007444714
0.001117168
0
0
0
0
0
0
0
0
0
0
0
0
0
0
0
0
0
0
0
0
0
0
0
0
0
0
0
0
0
0
0
0
0
0
0
0
0
0
0
0
0
0
0
0
0
0
0
0
0
0
0
0
0
0
0
0
0
0
0
0
0
0
0
0
0
0
0
0
0
0
0
0
0
0
0
0
0
0
0
0
0
0
0
0
0
0
0
0
0
0
0
0
0
0
0
0
0
0
0
0
0
0
0
0
0
0
0
0
0
0
0
0
0
0
0
0
0
0
0
0
0
0
0
0
0
0
0
0
0
0
0
0
0
0
0
0
0
0
0
0
0
0
0
0
0
0
0
0
0
0
0
0
0
0
0
0
0
0
0
0
0
0
0
0
0
0
0
0
0
0
0
0
0
0
0
0
0
0
0
0
0
0
0
0
0
0
0
0
0
0
0
0
0
0
0
0
0
0
0
0
0
0
0
0
0
0
0
0
0
0
0
0
0
0
0
0
0
0
0
0
0
0
0
0
0
0
0
0
0
0
0
0
0
0
0
0
0
0
0
0
0
0
0
0
0
0
0
0
0
0
0
0
0
0
0
0
0
0
0
0
0
0
0
0
0
0
0
0
0
0
0
0
0
0
0
0
0
0
0
0
0
0
0
0
0
0
0
0
0
0
0
0
0
0
0
0
0
0
0
0
0
0
0
0
0
0
0
0
0
0
0
0
0
0
0
0
0
0
0
0
0
0
0
0
0
0
0
0
0
0
0
0
0
0
0
0
0
0
0
0
0
0
0
0
0
0
0
0
0
0
0
0
0
0
0
0
0
0
0
0
0
0
0
0
0
0
0
0
0
0
0
0
0
0
0
0
0
0
0
0
0
0
0
0
0
0
0
0
0
0
0
0
0
0
0
0
0
0
0
0
0
0
0
0
0
0
0
0
0
0
0
0
0
0
0
0
0
0
0
0
0
0
0
0
0
0
0
0
0
0
0
0
0
0
0
0
0
0
0
0
0
0
0
0
0
0
0
0
0
0
0
0
0
0
0
0
0
0
0
0
0
0
0
0
0
0
0
0
0
0
0
0
0
0
0
0
0
0
0
0
0
0
0
0
0
0
0
0
0
0
0
0
0
0
0
0
0
0
0
0
0
0
0
0
0
0
0
0
0
0
0
0
0
0
0
0
0
0
0
0
0
0
0
0
0
0
0
0
0
0
0
0
0
0
0
0
0
0
0
0
0
0
0
0
0
0
0
0
0
0
0
0
0
0
0
0
0
0
0
0
0
0
0
0
0
0
0
0
0
0
0
0
0
0
0
0
0
0
0
0
0
0
0
0
0
0
0
0
0
0
0
0
0
0
0
0
0
0
0
0
0
0
0
0
0
0
0
0
0
0
0
0
0
0
0
0
0
0
0
0
0
0
0
0
0
0
0
0
0
0
0
0
0
0
0
0
0
0
0
0
0
0
0
0
0
0
0
0
0
0
0
0
0
0
0
0
0
0
0
0
0
0
0
0
0
0
0
0
0
0
0
0
0
0
0
0
0
0
0
0
0
0
0
0
0
0
0
0
0
0
0
0
0
0
0
0
0
0
0
0
0
0
0
0
0
0
0
0
0
0
0
0
0
0
0
0
0
0
0
0
0
0
0
0
0
0
0
0
0
0
0
0
0
0
0
0
0
0
0
0
0
0
0
0
0
0
0
0
0
0
0
0
0
0
0
0
0
0
0
0
0
0
0
0
0
0
0
0
0
0
0
0
0
0
0
0
0
0
0
0
0
0
0
0
0
0
0
0
0
0
0
0
0
0
0
0
0
0
0
0
0
0
0
0
0
0
0
0
0
0
0
0
0
0
0
0
0
0
0
0
0
0
0
0
0
0
0
0
0
0
0
0
0
0
0
0
0
0
0
0
0
0
0
0
0
0
0
0
0
0
0
0
0
0
0
0
0
0
0
0
0
0
0
0
0
0
0
0
0
0
0
0
0
0
0
0
0
0
0
0
0
0
0
0
0
0
0
0
0
0
0
0
0
0
0
0
0
0
0
0
0
0
0
0
0
0
0
0
0
0
0
0
0
0
0
0
0
0
0
0
0
0
0
0
0
0
0
0
0
0
0
0
0
0
0
0
0
0
0
0
0
0
0
0
0
0
0
0
0
0
0
0
0
0
0
0
0
0
0
0
0
0
0
0
0
0
0
0
0
0
0
0
0
0
0
0
0
0
0
0
0
0
0
0
0
0
0
0
0
0
0
0
0
0
0
0
0
0
0
0
0
0
0
0
0
0
0
0
0
0
0
0
0
0
0
0
0
0
0
0
0
0
0
0
0
0
0
0
0
0
0
0
0
0
0
0
0
0
0
0
0
0
0
0
0
0
0
0
0
0
0
0
0
0
0
0
0
0
0
0
0
0
0
0
0
0
0
0
0
0
0
0
0
0
0
0
0
0
0
0
0
0
0
0
0
0
0
0
0
0
0
0
0
0
0
0
0
0
0
0
0
0
0
0
0
0
0
0
0
0
0
0
0
0
0
0
0
0
0
0
0
0
0
0
0
0
0
0
0
0
0
0
0
0
0
0
0
0
0
0
0
0
0
0
0
0
0
0
0
0
0
0
0
0
0
0
0
0
0
0
0
0
0
0
0
0
0
0
0
0
0
0
0
0
0
0
0
0
0
0
0
0
0
0
0
0
0
0
0
0
0
0
0
0
0
0
0
0
0
0
0
0
0
0
0
0
0
0
0
0
0
0
0
0
0
0
0
0
0
0
0
0
0
0
0
0
0
0
0
0
0
0
0
0
0
0
0
0
0
0
0
0
0
0
0
0
0
0
0
0
0
0
0
0
0
0
0
0
0
0
0
0
0
0
0
0
0
0
0
0
0
0
0
0
0
0
0
0
0
0
0
0
0
0
0
0
0
0
0
0
0
0
0
0
0
0
0
0
0
0
0
0
0
0
0
0
0
0
0
0
0
0
0
0
0
0
0
0
0
0
0
0
0
0
0
0
0
0
0
0
0
0
0
0
0
0
0
0
0
0
0
0
0
0
0
0
0
0
0
0
0
0
0
0
0
0
0
0
0
0
0
0
0
0
0
0
0
0
0
0
0
0
0
0
0
0
0
0
0
0
0
0
0
0
0
0
0
0
0
0
0
0
0
0
0
0
0
0
0
0
0
0
0
0
0
0
0
0
0
0
0
0
0
0
0
0
0
0
0
0
0
0
0
0
0
0
0
0
0
0
0
0
0
0
0
0
0
0
0
0
0
0
0
0
0
0
0
0
0
0
0
0
0
0
0
0
0
0
0
0
0
0
0
0
0
0
0
0
0
0
0
0
0
0
0
0
0
0
0
0
0
0
0
0
0
0
0
0
0
0
0
0
0
0
0
0
0
0
0
0
0
0
0
0
0
0
0
0
0
0
0
0
0
0
0
0
0
0
0
0
0
0
0
0
0
0
0
0
0
0
0
0
0
0
0
0
0
0
0
0
0
0
0
0
0
0
0
0
0
0
0
0
0
0
0
0
0
0
0
0
0
0
0
0
0
0
0
0
0
0
0
0
0
0
0
0
0
0
0
0
0
0
0
0
0
0
0
0
0
0
0
0
0
0
0
0
0
0
0
0
0
0
0
0
0
0
0
0
0
0
0
0
0
0
0
0
0
0
0
0
0
0
0
0
0
0
0
0
0
0
0
0
0
0
0
0
0
0
0
0
0
0
0
0
0
0
0
0
0
0
0
0
0
0
0
0
0
0
0
0
0
0
0
0
0
0
0
0
0
0
0
0
0
0
0
0
0
0
0
0
0
0
0
0
0
0
0
0
0
0
0
0
0
0
0
0
0
0
0
0
0
0
0
0
0
0
0
0
0
0
0
0
0
0
0
0
0
0
0
0
0
0
0
0
0
0
0
0
0
0
0
0
0
0
0
0
0
0
0
0
0
0
0
0
0
0
0
0
0
0
0
0
0
0
0
0
0
0
0
0
0
0
0
0
0
0
0
0
0
0
0
0
0
0
0
0
0
0
0
0
0
0
0
0
0
0
0
0
0
0
0
0
0
0
0
0
0
0
0
0
0
0
0
0
0
0
0
0
0
0
0
0
0
0
0
0
0
0
0
0
0
0
0
0
0
0
0
0
0
0
0
0
0
0
0
0
0
0
0
0
0
0
0
0
0
0
0
0
0
0
0
0
0
0
0
0
0
0
0
0
0
0
0
0
0
0
0
0
0
0
0
0
0
0
0
0
0
0
0
0
0
0
0
0
0
0
0
0
0
0
0
0
0
0
0
0
0
0
0
0
0
0
0
0
0
0
0
0
0
0
0
0
0
0
0
0
0
0
0
0
0
0
0
0
0
0
0
0
0
0
0
0
0
0
0
0
0
0
0
0
0
0
0
0
0
0
0
0
0
0
0
0
0
0
0
0
0
0
0
0
0
0
0
0
0
0
0
0
0
0
0
0
0
0
0
0
0
0
0
0
0
0
0
0
0
0
0
0
0
0
0
0
0
0
0
0
0
0
0
0
0
0
0
0
0
0
0
0
0
0
0
0
0
0
0
0
0
0
0
0
0
0
0
0
0
0
0
0
0
0
0
0
0
0
0
0
0
0
0
0
0
0
0
0
0
0
0
0
0
0
0
0
0
0
0
0
0
0
0
0
0
0
0
0
0
0
0
0
0
0
0
0
0
0
0
0
0
0
0
0
0
0
0
0
0
0
0
0
0
0
0
0
0
0
0
0
0
0
0
0
0
0
0
0
0
0
0
0
0
0
0
0
0
0
0
0
0
0
0
0
0
0
0
0
0
0
0
0
0
0
0
0
0
0
0
0
0
0
0
0
0
0
0
0
0
0
0
0
0
0
0
0
0
0
0
0
0
0
0
0
0
0
0
0
0
0
0
0
0
0
0
0
0
0
0
0
0
0
0
0
0
0
0
0
0
0
0
0
0
0
0
0
0
0
0
0
0
0
0
0
0
0
0
0
0
0
0
0
0
0
0
0
0
0
0
0
0
0
0
0
0
0
0
0
0
0
0
0
0
0
0
0
0
0
0
0
0
0
0
0
0
0
0
0
0
0
0
0
0
0
0
0
0
0
0
0
0
0
0
0
0
0
0
0
0
0
0
0
0
0
0
0
0
0
0
0
0
0
0
0
0
0
0
0
0
0
0
0
0
0
0
0
0
0
0
0
0
0
0
0
0
0
0
0
0
0
0
0
0
0
0
0
0
0
0
0
0
0
0
0
0
0
0
0
0
0
0
0
0
0
0
0
0
0
0
0
0
0
0
0
0
0
0
0
0
0
0
0
0
0
0
0
0
0
0
0
0
0
0
0
0
0
0
0
0
0
0
0
0
0
0
0
0
0
0
0
0
0
0
0
0
0
0
0
0
0
0
0
0
0
0
0
0
0
0
0
0
0
0
0
0
0
0
0
0
0
0
0
0
0
0
0
0
0
0
0
0
0
0
0
0
0
0
0
0
0
0
0
0
0
0
0
0
0
0
0
0
0
0
0
0
0
0
0
0
0
0
0
0
0
0
0
0
0
0
0
0
0
0
0
0
0
0
0
0
0
0
0
0
0
0
0
0
0
0
0
0
0
0
0
0
0
0
0
0
0
0
0
0
0
0
0
0
0
0
0
0
0
0
0
0
0
0
0
0
0
0
0
0
0
0
0
0
0
0
0
0
0
0
0
0
0
0
0
0
0
0
0
0
0
0
0
0
0
0
0
0
0
0
0
0
0
0
0
0
0
0
0
0
0
0
0
0
0
0
0
0
0
0
0
0
0
0
0
0
0
0
0
0
0
0
0
0
0
0
0
0
0
0
0
0
0
0
0
0
0
0
0
0
0
0
0
0
0
0
0
0
0
0
0
0
0
0
0
0
0
0
0
0
0
0
0
0
0
0
0
0
0
0
0
0
0
0
0
0
0
0
0
0
0
0
0
0
0
0
0
0
0
0
0
0
0
0
0
0
0
0
0
0
0
0
0
0
0
0
0
0
0
0
0
0
0
0
0
0
0
0
0
0
0
0
0
0
0
0
0
0
0
0
0
0
0
0
0
0
0
0
0
0
0
0
0
0
0
0
0
0
0
0
0
0
0
0
0
0
0
0
0
0
0
0
0
0
0
0
0
0
0
0
0
0
0
0
0
0
0
0
0
0
0
0
0
0
0
0
0
0
0
0
0
0
0
0
0
0
0
0
0
0
0
0
0
0
0
0
0
0
0
0
0
0
0
0
0
0
0
0
0
0
0
0
0
0
0
0
0
0
0
0
0
0
0
0
0
0
0
0
0
0
0
0
0
0
0
0
0
0
0
0
0
0
0
0
0
0
0
0
0
0
0
0
0
0
0
0
0
0
0
0
0
0
0
0
0
0
0
0
0
0
0
0
0
0
0
0
0
0
0
0
0
0
0
0
0
0
0
0
0
0
0
0
0
0
0
0
0
0
0
0
0
0
0
0
0
0
0
0
0
0
0
0
0
0
0
0
0
0
0
0
0
0
0
0
0
0
0
0
0
0
0
0
0
0
0
0
0
0
0
0
0
0
0
0
0
0
0
0
0
0
0
0
0
0
0
0
0
0
0
0
0
0
0
0
0
0
0
0
0
0
0
0
0
0
0
0
0
0
0
0
0
0
0
0
0
0
0
0
0
0
0
0
0
0
0
0
0
0
0
0
0
0
0
0
0
0
0
0
0
0
0
0
0
0
0
0
0
0
0
0
0
0
0
0
0
0
0
0
0
0
0
0
0
0
0
0
0
0
0
0
0
0
0
0
0
0
0
0
0
0
0
0
0
0
0
0
0
0
0
0
0
0
0
0
0
0
0
0
0
0
0
0
0
0
0
0
0
0
0
0
0
0
0
0
0
0
0
0
0
0
0
0
0
0
0
0
0
0
0
0
0
0
0
0
0
0
0
0
0
0
0
0
0
0
0
0
0
0
0
0
0
0
0
0
0
0
0
0
0
0
0
0
0
0
0
0
0
0
0
0
0
0
0
0
0
0
0
0
0
0
0
0
0
0
0
0
0
0
0
0
0
0
0
0
0
0
0
0
0
0
0
0
0
0
0
0
0
0
0
0
0
0
0
0
0
0
0
0
0
0
0
0
0
0
0
0
0
0
0
0
0
0
0
0
0
0
0
0
0
0
0
0
0
0
0
0
0
0
0
0
0
0
0
0
0
0
0
0
0
0
0
0
0
0
0
0
0
0
0
0
0
0
0
0
0
0
0
0
0
0
0
0
0
0
0
0
0
0
0
0
0
0
0
0
0
0
0
0
0
0
0
0
0
0
0
0
0
0
0
0
0
0
0
0
0
0
0
0
0
0
0
0
0
0
0
0
0
0
0
0
0
0
0
0
0
0
0
0
0
0
0
0
0
0
0
0
0
0
0
0
0
0
0
0
0
0
0
0
0
0
0
0
0
0
0
0
0
0
0
0
0
0
0
0
0
0
0
0
0
0
0
0
0
0
0
0
0
0
0
0
0
0
0
0
0
0
0
0
0
0
0
0
0
0
0
0
0
0
0
0
0
0
0
0
0
0
0
0
0
0
0
0
0
0
0
0
0
0
0
0
0
0
0
0
0
0
0
0
0
0
0
0
0
0
0
0
0
0
0
0
0
0
0
0
0
0
0
0
0
0
0
0
0
0
0
0
0
0
0
0
0
0
0
0
0
0
0
0
0
0
0
0
0
0
0
0
0
0
0
0
0
0
0
0
0
0
0
0
0
0
0
0
0
0
0
0
0
0
0
0
0
0
0
0
0
0
0
0
0
0
0
0
0
0
0
0
0
0
0
0
0
0
0
0
0
0
0
0
0
0
0
0
0
0
0
0
0
0
0
0
0
0
0
0
0
0
0
0
0
0
0
0
0
0
0
0
0
0
0
0
0
0
0
0
0
0
0
0
0
0
0
0
0
0
0
0
0
0
0
0
0
0
0
0
0
0
0
0
0
0
0
0
0
0
0
0
0
0
0
0
0
0
0
0
0
0
0
0
0
0
0
0
0
0
0
0
0
0
0
0
0
0
0
0
0
0
0
0
0
0
0
0
0
0
0
0
0
0
0
0
0
0
0
0
0
0
0
0
0
0
0
0
0
0
0
0
0
0
0
0
0
0
0
0
0
0
0
0
0
0
0
0
0
0
0
0
0
0
0
0
0
0
0
0
0
0
0
0
0
0
0
0
0
0
0
0
0
0
0
0
0
0
0
0
0
0
0
0
