128  128
0.0  3772.89
353.5884
354.2408
354.8956
355.5528
356.2124
356.8745
357.5391
358.2061
358.8757
359.5477
360.2223
360.8994
361.579
362.2613
362.9461
363.6335
364.3235
365.0161
365.7113
366.4093
367.1098
367.8131
368.5191
369.2278
369.9392
370.6534
371.3703
372.09
372.8125
373.5378
374.2659
374.9969
375.7308
376.4675
377.2071
377.9496
378.6951
379.4435
380.1948
380.9492
381.7065
382.4669
383.2303
383.9968
384.7663
385.5389
386.3146
387.0935
387.8755
388.6606
389.449
390.2406
391.0353
391.8334
392.6346
393.4392
394.2471
395.0583
395.8728
396.6908
397.5121
398.3368
399.1649
399.9965
400.8315
401.6701
402.5122
403.3578
404.2069
405.0597
405.916
406.776
407.6397
408.507
409.378
410.2527
411.1312
412.0134
412.8995
413.7893
414.683
415.5806
416.4821
417.3875
418.2968
419.2101
420.1274
421.0487
421.9741
422.9036
423.8371
424.7748
425.7166
426.6627
427.6129
428.5674
429.5261
430.4892
431.4566
432.4283
433.4045
434.385
435.37
436.3595
437.3534
438.3519
439.355
440.3627
441.375
442.392
443.4137
444.4401
445.4713
446.5072
447.548
448.5937
449.6443
450.6998
451.7602
452.8257
453.8962
454.9718
456.0524
457.1383
458.2293
459.3255
460.427
461.5338
-320
-315
-310
-305
-300
-295
-290
-285
-280
-275
-270
-265
-260
-255
-250
-245
-240
-235
-230
-225
-220
-215
-210
-205
-200
-195
-190
-185
-180
-175
-170
-165
-160
-155
-150
-145
-140
-135
-130
-125
-120
-115
-110
-105
-100
-95
-90
-85
-80
-75
-70
-65
-60
-55
-50
-45
-40
-35
-30
-25
-20
-15
-10
-5
0
5
10
15
20
25
30
35
40
45
50
55
60
65
70
75
80
85
90
95
100
105
110
115
120
125
130
135
140
145
150
155
160
165
170
175
180
185
190
195
200
205
210
215
220
225
230
235
240
245
250
255
260
265
270
275
280
285
290
295
300
305
310
315
0
0
0
0
0
0
0
0
0
0
0
0
0
0
0
0
0
0
0
0
0
0
0
0
0
0
0
0
0
0
0
0
0
0
0
0
0
0
0
0
0
0
0
0
0
0
0
0
0
0
0
0
0
0
0
0
0
0
0
0
0
0
0
0
0
0
0
0
0
0
0
0
0
0
0
0
0
0
0
0
0
0
0
0
0
0
0
0
0
0
0
0
0
0
0
0
0
0
0
0
0
0
0
0
0
0
0
0
0
0
0
0
0
0
0
0
0
0
0
0
0
0
0
0
0
0
0
0
0
0
0
0
0
0
0
0
0
0
0
0
0
0
0
0
0
0
0
0
0
0
0
0
0
0
0
0
0
0
0
0
0
0
0
0
0
0
0
0
0
0
0
0
0
0
0
0
0
0
0
0
0
0
0
0
0
0
0
0
0
0
0
0
0
0
0
0
0
0
0
0
0
0
0
0
0
0
0
0
0
0
0
0
0
0
0
0
0
0
0
0
0
0
0
0
0
0
0
0
0
0
0
0
0
0
0
0
0
0
0
0
0
0
0
0
0
0
0
0
0
0
0
0
0
0
0
0
0
0
0
0
0
0
0
0
0
0
0
0
0
0
0
0
0
0
0
0
0
0
0
0
0
0
0
0
0
0
0
0
0
0
0
0
0
0
0
0
0
0
0
0
0
0
0
0
0
0
0
0
0
0
0
0
0
0
0
0
0
0
0
0
0
0
0
0
0
0
0
0
0
0
0
0
0
0
0
0
0
0
0
0
0
0
0
0
0
0
0
0
0
0
0
0
0
0
0
0
0
0
0
0
0
0
0
0
0
0
0
0
0
0
0
0
0
0
0
0
0
0
0
0
0
0
0
0
0
0
0
0
0
0
0
0
0
0
0
0
0
0
0
0
0
0
0
0
0
0
0
0
0
0
0
0
0
0
0
0
0
0
0
0
0
0
0
0
0
0
0
0
0
0
0
0
0
0
0
0
0
0
0
0
0
0
0
0
0
0
0
0
0
0
0
0
0
0
0
0
0
0
0
0
0
0
0
0
0
0
0
0
0
0
0
0
0
0
0
0
0
0
0
0
0
0
0
0
0
0
0
0
0
0
0
0
0
0
0
0
0
0
0
0
0
0
0
0
0
0
0
0
0
0
0
0
0
0
0
0
0
0
0
0
0
0
0
0
0
0
0
0
0
0
0
0
0
0
0
0
0
0
0
0
0
0
0
0
0
0
0
0
0
0
0
0
0
0
0
0
0
0
0
0
0
0
0
0
0
0
0
0
0
0
0
0
0
0
0
0
0
0
0
0
0
0
0
0
0
0
0
0
0
0
0
0
0
0
0
0
0
0
0
0
0
0
0
0
0
0
0
0
0
0
0
0
0
0
0
0
0
0
0
0
0
0
0
0
0
0
0
0
0
0
0
0
0
0
0
0
0
0
0
0
0
0
0
0
0
0
0
0
0
0
0
0
0
0
0
0
0
0
0
0
0
0
0
0
0
0
0
0
0
0
0
0
0
0
0
0
0
0
0
0
0
0
0
0
0
0
0
0
0
0
0
0
0
0
0
0
0
0
0
0
0
0
0
0
0
0
0
0
0
0
0
0
0
0
0
0
0
0
0
0
0
0
0
0
0
0
0
0
0
0
0
0
0
0
0
0
0
0
0
0
0
0
0
0
0
0
0
0
0
0
0
0
0
0
0
0
0
0
0
0
0
0
0
0
0
0
0
0
0
0
0
0
0
0
0
0
0
0
0
0
0
0
0
0
0
0
0
0
0
0
0
0
0
0
0
0
0
0
0
0
0
0
0
0
0
0
0
0
0
0
0
0
0
0
0
0
0
0
0
0
0
0
0
0
0
0
0
0
0
0
0
0
0
0
0
0
0
0
0
0
0
0
0
0
0
0
0
0
0
0
0
0
0
0
0
0
0
0
0
0
0
0
0
0
0
0
0
0
0
0
0
0
0
0
0
0
0
0
0
0
0
0
0
0
0
0
0
0
0
0
0
0
0
0
0
0
0
0
0
0
0
0
0
0
0
0
0
0
0
0
0
0
0
0
0
0
0
0
0
0
0
0
0
0
0
0
0
0
0
0
0
0
0
0
0
0
0
0
0
0
0
0
0
0
0
0
0
0
0
0
0
0
0
0
0
0
0
0
0
0
0
0
0
0
0
0
0
0
0
0
0
0
0
0
0
0
0
0
0
0
0
0
0
0
0
0
0
0
0
0
0
0
0
0
0
0
0
0
0
0
0
0
0
0
0
0
0
0
0
0
0
0
0
0
0
0
0
0
0
0
0
0
0
0
0
0
0
0
0
0
0
0
0
0
0
0
0
0
0
0
0
0
0
0
0
0
0
0
0
0
0
0
0
0
0
0
0
0
0
0
0
0
0
0
0
0
0
0
0
0
0
0
0
0
0
0
0
0
0
0
0
0
0
0
0
0
0
0
0
0
0
0
0
0
0
0
0
0
0
0
0
0
0
0
0
0
0
0
0
0
0
0
0
0
0
0
0
0
0
0
0
0
0
0
0
0
0
0
0
0
0
0
0
0
0
0
0
0
0
0
0
0
0
0
0
0
0
0
0
0
0
0
0
0
0
0
0
0
0
0
0
0
0
0
0
0
0
0
0
0
0
0
0
0
0
0
0
0
0
0
0
0
0
0
0
0
0
0
0
0
0
0
0
0
0
0
0
0
0
0
0
0
0
0
0
0
0
0
0
0
0
0
0
0
0
0
0
0
0
0
0
0
0
0
0
0
0
0
0
0
0
0
0
0
0
0
0
0
0
0
0
0
0
0
0
0
0
0
0
0
0
0
0
0
0
0
0
0
0
0
0
0
0
0
0
0
0
0
0
0
0
0
0
0
0
0
0
0
0
0
0
0
0
0
0
0
0
0
0
0
0
0
0
0
0
0
0
0
0
0
0
0
0
0
0
0
0
0
0
0
0
0
0
0
0
0
0
0
0
0
0
0
0
0
0
0
0
0
0
0
0
0
0
0
0
0
0
0
0
0
0
0
0
0
0
0
0
0
0
0
0
0
0
0
0
0
0
0
0
0
0
0
0
0
0
0
0
0
0
0
0
0
0
0
0
0
0
0
0
0
0
0
0
0
0
0
0
0
0
0
0
0
0
0
0
0
0
0
0
0
0
0
0
0
0
0
0
0
0
0
0
0
0
0
0
0
0
0
0
0
0
0
0
0
0
0
0
0
0
0
0
0
0
0
0
0
0
0
0
0
0
0
0
0
0
0
0
0
0
0
0
0
0
0
0
0
0
0
0
0
0
0
0
0
0
0
0
0
0
0
0
0
0
0
0
0
0
0
0
0
0
0
0
0
0
0
0
0
0
0
0
0
0
0
0
0
0
0
0
0
0
0
0
0
0
0
0
0
0
0
0
0
0
0
0
0
0
0
0
0
0
0
0
0
0
0
0
0
0
0
0
0
0
0
0
0
0
0
0
0
0
0
0
0
0
0
0
0
0
0
0
0
0
0
0
0
0
0
0
0
0
0
0
0
0
0
0
0
0
0
0
0
0
0
0
0
0
0
0
0
0
0
0
0
0
0
0
0
0
0
0
0
0
0
0
0
0
0
0
0
0
0
0
0
0
0
0
0
0
0
0
0
0
0
0
0
0
0
0
0
0
0
0
0
0
0
0
0
0
0
0
0
0
0
0
0
0
0
0
0
0
0
0
0
0
0
0
0
0
0
0
0
0
0
0
0
0
0
0
0
0
0
0
0
0
0
0
0
0
0
0
0
0
0
0
0
0
0
0
0
0
0
0
0
0
0
0
0
0
0
0
0
0
0
0
0
0
0
0
0
0
0
0
0
0
0
0
0
0
0
0
0
0
0
0
0
0
0
0
0
0
0
0
0
0
0
0
0
0
0
0
0
0
0
0
0
0
0
0
0
0
0
0
0
0
0
0
0
0
0
0
0
0
0
0
0
0
0
0
0
0
0
0
0
0
0
0
0
0
0
0
0
0
0
0
0
0
0
0
0
0
0
0
0
0
0
0
0
0
0
0
0
0
0
0
0
0
0
0
0
0
0
0
0
0
0
0
0
0
0
0
0
0
0
0
0
0
0
0
0
0
0
0
0
0
0
0
0
0
0
0
0
0
0
0
0
0
0
0
0
0
0
0
0
0
0
0
0
0
0
0
0
0
0
0
0
0
0
0
0
0
0
0
0
0
0
0
0
0
0
0
0
0
0
0
0
0
0
0
0
0
0
0
0
0
0
0
0
0
0
0
0
0
0
0
0
0
0
0
0
0
0
0
0
0
0
0
0
0
0
0
0
0
0
0
0
0
0
0
0
0
0
0
0
0
0
0
0
0
0
0
0
0
0
0
0
0
0
0
0
0
0
0
0
0
0
0
0
0
0
0
0
0
0
0
0
0
0
0
0
0
0
0
0
0
0
0
0
0
0
0
0
0
0
0
0
0
0
0
0
0
0
0
0
0
0
0
0
0
0
0
0
0
0
0
0
0
0
0
0
0
0
0
0
0
0
0
0
0
0
0
0
0
0
0
0
0
0
0
0
0
0
0
0
0
0
0
0
0
0
0
0
0
0
0
0
0
0
0
0
0
0
0
0
0
0
0
0
0
0
0
0
0
0
0
0
0
0
0
0
0
0
0
0
0
0
0
0
0
0
0
0
0
0
0
0
0
0
0
0
0
0
0
0
0
0
0
0
0
0
0
0
0
0
0
0
0
0
0
0
0
0
0
0
0
0
0
0
0
0
0
0
0
0
0
0
0
0
0
0
0
0
0
0
0
0
0
0
0
0
0
0
0
0
0
0
0
0
0
0
0
0
0
0
0
0
0
0
0
0
0
0
0
0
0
0
0
0
0
0
0
0
0
0
0
0
0
0
0
0
0
0
0
0
0
0
0
0
0
0
0
0
0
0
0
0
0
0
0
0
0
0
0
0
0
0
0
0
0
0
0
0
0
0
0
0
0
0
0
0
0
0
0
0
0
0
0
0
0
0
0
0
0
0
0
0
0
0
0
0
0
0
0
0
0
0
0
0
0
0
0
0
0
0
0
0
0
0
0
0
0
0
0
0
0
0
0
0
0
0
0
0
0
0
0
0
0
0
0
0
0
0
0
0
0
0
0
0
0
0
0
0
0
0
0
0
0
0
0
0
0
0
0
0
0
0
0
0
0
0
0
0
0
0
0
0
0
0
0
0
0
0
0
0
0
0
0
0
0
0
0
0
0
0
0
0
0
0
0
0
0
0
0
0
0
0
0
0
0
0
0
0
0
0
0
0
0
0
0
0
0
0
0
0
0
0
0
0
0
0
0
0
0
0
0
0
0
0
0
0
0
0
0
0
0
0
0
0
0
0
0
0
0
0
0
0
0
0
0
0
0
0
0
0
0
0
0
0
0
0
0
0
0
0
0
0
0
0
0
0
0
0
0
0
0
0
0
0
0
0
0
0
0
0
0
0
0
0
0
0
0
0
0
0
0
0
0
0
0
0
0
0
0
0
0
0
0
0
0
0
0
0
0
0
0
0
0
0
0
0
0
0
0
0
0
0
0
0
0
0
0
0
0
0
0
0
0
0
0
0
0
0
0
0
0
0
0
0
0
0
0
0
0
0
0
0
0
0
0
0
0
0
0
0
0
0
0
0
0
0
0
0
0
0
0
0
0
0
0
0
0
0
0
0
0
0
0
0
0
0
0
0
0
0
0
0
0
0
0
0
0
0
0
0
0
0
0
0
0
0
0
0
0
0
0
0
0
0
0
0
0
0
0
0
0
0
0
0
0
0
0
0
0
0
0
0
0
0
0
0
0
0
0
0
0
0
0
0
0
0
0
0
0
0
0
0
0
0
0
0
0
0
0
0
0
0
0
0
0
0
0
0
0
0
0
0
0
0
0
0
0
0
0
0
0
0
0
0
0
0
0
0
0
0
0
0
0
0
0
0
0
0
0
0
0
0
0
0
0
0
0
0
0
0
0
0
0
0
0
0
0
0
0
0
0
0
0
0
0
0
0
0
0
0
0
0
0
0
0
0
0
0
0
0
0
0
0
0
0
0
0
0
0
0
0
0
0
0
0
0
0
0
0
0
0
0
0
0
0
0
0
0
0
0
0
0
0
0
0
0
0
0
0
0
0
0
0
0
0
0
0
0
0
0
0
0
0
0
0
0
0
0
0
0
0
0
0
0
0
0
0
0
0
0
0
0
0
0
0
0
0
0
0
0
0
0
0
0
0
0
0
0
0
0
0
0
0
0
0
0
0
0
0
0
0
0
0
0
0
0
0
0
0
0
0
0
0
0
0
0
0
0
0
0
0
0
0
0
0
0
0
0
0
0
0
0
0
0
0
0
0
0
0
0
0
0
0
0
0
0
0
0
0
0
0
0
0
0
0
0
0
0
0
0
0
0
0
0
0
0
0
0
0
0
0
0
0
0
0
0
0
0
0
0
0
0
0
0
0
0
0
0
0
0
0
0
0
0
0
0
0
0
0
0
0
0
0
0
0
0
0
0
0
0
0
0
0
0
0
0
0
0
0
0
0
0
0
0
0
0
0
0
0
0
0
0
0
0
0
0
0
0
0
0
0
0
0
0
0
0
0
0
0
0
0
0
0
0
0
0
0
0
0
0
0
0
0
0
0
0
0
0
0
0
0
0
0
0
0
0
0
0
0
0
0
0
0
0
0
0
0
0
0
0
0
0
0
0
0
0
0
0
0
0
0
0
0
0
0
0
0
0
0
0
0
0
0
0
0
0
0
0
0
0
0
0
0
0
0
0
0
0
0
0
0
0
0
0
0
0
0
0
0
0
0
0
0
0
0
0
0
0
0
0
0
0
0
0
0
0
0
0
0
0
0
0
0
0
0
0
0
0
0
0
0
0
0
0
0
0
0
0
0
0
0
0
0
0
0
0
0
0
0
0
0
0
0
0
0
0
0
0
0
0
0
0
0
0
0
0
0
0
0
0
0
0
0
0
0
0
0
0
0
0
0
0
0
0
0
0
0
0
0
0
0
0
0
0
0
0
0
0
0
0
0
0
0
0
0
0
0
0
0
0
0
0
0
0
0
0
0
0
0
0
0
0
0
0
0
0
0
0
0
0
0
0
0
0
0
0
0
0
0
0
0
0
0
0
0
0
0
0
0
0
0
0
0
0
0
0
0
0
0
0
0
0
0
0
0
0
0
0
0
0
0
0
0
0
0
0
0
0
0
0
0
0
0
0
0
0
0
0
0
0
0
0
0
0
0
0
0
0
0
0
0
0
0
0
0
0
0
0
0
0
0
0
0
0
0
0
0
0
0
0
0
0
0
0
0
0
0
0
0
0
0
0
0
0
0
0
0
0
0
0
0
0
0
0
0
0
0
0
0
0
0
0
0
0
0
0
0
0
0
0
0
0
0
0
0
0
0
0
0
0
0
0
0
0
0
0
0
0
0
0
0
0
0
0
0
0
0
0
0
0
0
0
0
0
0
0
0
0
0
0
0
0
0
0
0
0
0
0
0
0
0
0
0
0
0
0
0
0
0
0
0
0
0
0
0
0
0
0
0
0
0
0
0
0
0
0
0
0
0
0
0
0
0
0
0
0
0
0
0
0
0
0
0
0
0
0
0
0
0
0
0
0
0
0
0
0
0
0
0
0
0
0
0
0
0
0
0
0
0
0
0
0
0
0
0
0
0
0
0
0
0
0
0
0
0
0
0
0
0
0
0
0
0
0
0
0
0
0
0
0
0
0
0
0
0
0
0
0
0
0
0
0
0
0
0
0
0
0
0
0
0
0
0
0
0
0
0
0
0
0
0
0
0
0
0
0
0
0
0
0
0
0
0
0
0
0
0
0
0
0
0
0
0
0
0
0
0
0
0
0
0
0
0
0
0
0
0
0
0
0
0
0
0
0
0
0
0
0
0
0
0
0
0
0
0
0
0
0
0
0
0
0
0
0
0
0
0
0
0
0
0
0
0
0
0
0
0
0
0
0
0
0
0
0
0
0
0
0
0
0
0
0
0
0
0
0
0
0
0
0
0
0
0
0
0
0
0
0
0
0
0
0
0
0
0
0
0
0
0
0
0
0
0
0
0
0
0
0
0
0
0
0
0
0
0
0
0
0
0
0
0
0
0
0
0
0
0
0
0
0
0
0
0
0
0
0
0
0
0
0
0
0
0
0
0
0
0
0
0
0
0
0
0
0
0
0
0
0
0
0
0
0
0.1776985
3.005693
2.418932
2.080905
1.90616
0.3599122
0.01519372
0
0
0
0
0
0
0
0
0
0
0
0
0
0
0
0
0
0
0
0
0
0
0
0
0
0
0
0
0
0
0
0
0
0
0
0
0
0
0
0
0
0
0
0
0
0
0
0
0
0
0
0
0
0
0
0
0
0
0
0
0
0
0
0
0
0
0
0
0
0
0
0
0
0
0
0
0
0
0
0
0
0
0
0
0
0
0
0
0
0
0
0
0
0
0
0
0
0
0
0
0
0
0
0
0
0
0
0
0
0
0
0
0
0
0
0
0
0.2301378
0.4477326
0.7348311
1.334866
3.56477
5.502173
4.654329
5.155793
8.668069
5.652181
3.11081
2.250704
0.3086845
0
0
0
0
0
0
0
0
0
0
0
0
0
0
0
0
0
0
0
0
0
0
0
0
0
0
0
0
0
0
0
0
0
0
0
0
0
0
0
0
0
0
0
0
0
0
0
0
0
0
0
0
0
0
0
0
0
0
0
0
0
0
0
0
0
0
0
0
0
0
0
0
0
0
0
0
0
0
0
0
0
0
0
0
0
0
0
0
0
0
0
0
0
0
0
0
0
0
0
0
0
0
0
0
0
0
0
0
0
0
0
0
0.2549888
0.6314312
0.7705625
6.201759
7.879031
7.350729
8.896712
9.432283
11.85519
11.36087
10.7341
11.72825
10.20406
12.97711
7.645506
5.662806
1.290187
0.08421611
0
0
0
0
0
0
0
0
0
0
0
0
0
0
0
0
0
0
0
0
0
0
0
0
0
0
0
0
0
0
0
0
0
0
0
0
0
0
0
0
0
0
0
0
0
0
0
0
0
0
0
0
0
0
0
0
0
0
0
0
0
0
0
0
0
0
0
0
0
0
0
0
0
0
0
0
0
0
0
0
0
0
0
0
0
0
0
0
0
0
0
0
0
0
0
0
0
0
0
0
0
0
0
0
0
0.7616838
2.549276
1.987954
4.091907
5.282337
8.629208
8.199189
9.077602
10.15201
11.50575
15.59161
13.32467
14.3585
15.17702
15.29952
15.44058
14.39138
13.46985
12.68451
10.07779
6.95869
6.681181
4.289071
1.908981
1.394063
0.2550929
0.0100653
0
0
0
0
0
0
0
0
0
0
0
0
0
0
0
0
0
0
0
0
0
0
0
0
0
0
0
0
0
0
0
0
0
0
0
0
0
0
0
0
0
0
0
0
0
0
0
0
0
0
0
0
0
0
0
0
0
0
0
0
0
0
0
0
0
0
0
0
0
0
0
0
0
0
0
0
0
0
0
0
0
0
0
0
0
0
0
0
0
0
0
0
0
0
0
0.9870955
1.687338
0.7943452
1.851576
2.550514
3.622978
5.205904
4.638928
5.536527
8.18854
9.204582
11.15046
12.14835
16.50947
17.99564
18.96391
20.9658
20.2615
19.18815
22.12102
20.97615
19.66681
19.77081
17.64592
15.16268
14.60353
14.03292
9.000835
10.02331
9.563784
7.827945
6.127464
3.602301
4.343629
2.578859
0.951775
0.1049516
0
0
0
0
0
0
0
0
0
0
0
0
0
0
0
0
0
0
0
0
0
0
0
0
0
0
0
0
0
0
0
0
0
0
0
0
0
0
0
0
0
0
0
0
0
0
0
0
0
0
0
0
0
0
0
0
0
0
0
0
0
0
0
0
0
0
0
0
0
0
0
0
0
0
0
0
0
0
0
0
0
0
0
0
0
0
0
0
0.7735479
3.515206
4.649424
5.78811
6.849506
5.812004
9.069663
9.482251
8.439552
11.84768
14.65585
16.10568
16.66961
19.8532
21.27128
23.96239
24.40227
28.96592
28.14636
31.18456
31.28819
28.97336
27.51943
26.27673
28.50199
26.40463
25.33143
24.51321
23.05091
22.97299
22.10625
20.1869
19.02424
15.29718
12.4434
13.54068
10.51767
7.110928
7.144654
6.196014
5.253974
3.093118
2.6723
1.077173
0.1162089
0
0
0
0
0
0
0
0
0
0
0
0
0
0
0
0
0
0
0
0
0
0
0
0
0
0
0
0
0
0
0
0
0
0
0
0
0
0
0
0
0
0
0
0
0
0
0
0
0
0
0
0
0
0
0
0
0
0
0
0
0
0
0
0
0
0
0
0
0
0
0
0
0
0
0
0
0
0
0
0
0
0
0
0.1167809
0.3037894
4.263912
3.849071
6.278894
7.451478
10.19786
10.99873
16.08127
17.78662
19.34815
24.66266
27.56971
30.07727
33.73375
33.70419
37.28115
38.22359
36.18888
35.89825
37.41859
33.58176
30.49103
29.46816
25.82318
28.96842
26.35991
27.9342
27.59823
27.95316
27.2101
28.73577
24.71938
21.89477
21.26587
16.6808
16.94153
13.52686
10.83532
6.05528
3.969638
4.0891
4.660075
2.666652
0.6507827
0.05321761
0
0
0
0
0
0
0
0
0
0
0
0
0
0
0
0
0
0
0
0
0
0
0
0
0
0
0
0
0
0
0
0
0
0
0
0
0
0
0
0
0
0
0
0
0
0
0
0
0
0
0
0
0
0
0
0
0
0
0
0
0
0
0
0
0
0
0
0
0
0
0
0
0
0
0
0
0
0
0
0
0
0
0.05713253
1.129058
3.29848
5.856231
9.878485
14.62784
17.38827
23.05217
26.77297
30.35795
33.7409
40.47232
45.59559
46.45438
49.68876
53.39596
50.29331
49.62556
48.58858
48.67203
47.00328
44.55082
41.7283
39.00061
38.61062
38.8998
38.08589
37.59731
38.02264
39.88075
38.61903
39.82342
38.02423
38.00517
34.38254
30.73543
27.93398
22.55209
19.5488
15.80468
12.27986
10.5449
5.460338
4.469725
3.55697
1.250491
0.1272105
0
0
0
0
0
0
0
0
0
0
0
0
0
0
0
0
0
0
0
0
0
0
0
0
0
0
0
0
0
0
0
0
0
0
0
0
0
0
0
0
0
0
0
0
0
0
0
0
0
0
0
0
0
0
0
0
0
0
0
0
0
0
0
0
0
0
0
0
0
0
0
0
0
0
0
0
0
0
0
0
0
0.77712
4.726008
9.487144
10.81596
17.80488
23.51697
29.78232
36.55403
40.5204
47.71158
54.19525
61.67032
65.17635
68.99521
73.06965
72.27815
71.33926
70.80917
67.78209
62.94527
58.32544
53.4997
50.58249
47.30511
45.96916
46.51137
48.82402
51.42807
51.18432
53.30847
54.89138
60.36671
56.19628
54.94875
50.22423
45.55547
41.4297
35.06796
32.52719
25.67117
20.26346
17.89567
13.7272
11.19971
8.925459
4.089334
0.9975885
0.08678233
0
0
0
0
0
0
0
0
0
0
0
0
0
0
0
0
0
0
0
0
0
0
0
0
0
0
0
0
0
0
0
0
0
0
0
0
0
0
0
0
0
0
0
0
0
0
0
0
0
0
0
0
0
0
0
0
0
0
0
0
0
0
0
0
0
0
0
0
0
0
0
0
0
0
0
0
0
0
0
0
1.114215
2.915056
10.41299
16.62435
25.11523
32.86797
42.15405
53.48383
60.58647
72.29134
79.34075
90.60574
96.27448
102.3926
104.588
100.5401
97.6651
96.39677
91.24357
82.79494
77.26132
70.33663
66.28007
62.44886
62.86573
61.89962
65.66522
68.33588
72.99901
75.26895
79.15528
78.10537
78.87002
75.92124
73.71094
67.64638
63.71707
55.89984
49.24659
44.42847
34.45838
27.71006
22.12701
14.5744
12.25925
6.625822
5.240647
0.9121619
0.02917618
0
0
0
0
0
0
0
0
0
0
0
0
0
0
0
0
0
0
0
0
0
0
0
0
0
0
0
0
0
0
0
0
0
0
0
0
0
0
0
0
0
0
0
0
0
0
0
0
0
0
0
0
0
0
0
0
0
0
0
0
0
0
0
0
0
0
0
0
0
0
0
0
0
0
0
0
0
0
0.2381595
0.9262921
3.363848
11.79493
17.04922
30.12059
45.72105
53.10748
68.05837
80.52733
95.9061
108.7118
118.8038
130.4592
134.4109
139.1124
135.6741
130.3175
122.7013
117.3595
105.8818
100.2605
92.54043
87.01632
81.37692
81.10834
78.50636
84.23679
88.15189
93.26051
97.85737
99.39408
103.5671
102.611
101.1744
96.19686
89.01746
85.04622
75.76688
69.47333
62.55385
51.51702
41.08793
30.12035
20.82929
13.18284
6.175953
2.263916
0.636276
0.06372294
0
0
0
0
0
0
0
0
0
0
0
0
0
0
0
0
0
0
0
0
0
0
0
0
0
0
0
0
0
0
0
0
0
0
0
0
0
0
0
0
0
0
0
0
0
0
0
0
0
0
0
0
0
0
0
0
0
0
0
0
0
0
0
0
0
0
0
0
0
0
0
0
0
0
0
0
0
0
0.6740338
3.801179
7.499571
17.62346
28.56161
40.45426
57.32907
68.89657
93.63253
107.8679
128.4182
144.3265
162.8541
174.234
180.8196
184.2382
178.6836
176.4409
165.4926
153.6151
144.0945
135.8199
124.9728
120.4441
117.9367
118.3572
115.8893
120.2006
127.6957
130.8166
135.7596
137.0261
141.4997
142.3042
135.6261
129.0945
123.607
118.8878
106.9032
97.86445
85.79859
68.73764
55.03078
39.44532
26.05718
20.02766
9.381301
4.962717
2.580377
0.3227816
0
0
0
0
0
0
0
0
0
0
0
0
0
0
0
0
0
0
0
0
0
0
0
0
0
0
0
0
0
0
0
0
0
0
0
0
0
0
0
0
0
0
0
0
0
0
0
0
0
0
0
0
0
0
0
0
0
0
0
0
0
0
0
0
0
0
0
0
0
0
0
0
0
0
0
0
0
0
1.589178
4.242428
11.17616
18.23438
30.87252
51.20417
69.3306
86.89057
112.9852
129.6956
155.3577
175.9119
199.8949
216.6223
229.4294
236.0449
233.0595
225.3904
218.4568
205.7279
194.2953
187.6665
178.1286
174.3764
168.0894
166.6
165.4659
172.3323
176.8258
175.7522
181.3027
183.0962
183.5424
186.3589
177.178
169.871
157.0207
154.0054
136.7652
122.559
103.8902
85.14262
62.89398
45.92119
33.3081
22.00011
12.58093
8.759657
3.789391
0.4329076
0
0
0
0
0
0
0
0
0
0
0
0
0
0
0
0
0
0
0
0
0
0
0
0
0
0
0
0
0
0
0
0
0
0
0
0
0
0
0
0
0
0
0
0
0
0
0
0
0
0
0
0
0
0
0
0
0
0
0
0
0
0
0
0
0
0
0
0
0
0
0
0
0
0
0
0
0
0
0.3412858
3.337178
10.37545
23.58475
35.4794
55.85947
76.80477
99.65185
129.2193
150.7635
179.3795
214.4465
239.2792
266.8346
279.6101
295.519
294.1274
289.3283
287.1393
276.7229
265.6416
262.5291
249.3059
247.2882
245.8669
243.9989
243.6085
248.1834
251.6555
250.3689
246.2997
244.6845
238.8854
237.7595
224.5735
209.6895
201.7522
188.483
162.9615
142.6345
116.0007
88.16483
66.10026
45.42293
32.05716
23.47869
13.95406
10.6587
5.586436
0.8140906
0.02156251
0
0
0
0
0
0
0
0
0
0
0
0
0
0
0
0
0
0
0
0
0
0
0
0
0
0
0
0
0
0
0
0
0
0
0
0
0
0
0
0
0
0
0
0
0
0
0
0
0
0
0
0
0
0
0
0
0
0
0
0
0
0
0
0
0
0
0
0
0
0
0
0
0
0
0
0
1.297619
4.727391
7.988775
17.37739
28.69275
41.80018
64.82534
84.06988
108.8342
147.1172
169.5446
199.5614
236.8835
276.0436
304.415
335.4443
360.1935
363.0971
366.6011
362.8682
360.0223
357.7431
353.6308
353.9587
355.6969
354.1415
354.4944
350.9609
343.7367
343.6478
330.5986
322.9301
314.0544
305.9358
299.3227
275.2533
253.1072
233.572
219.4281
178.8554
151.325
124.4975
93.04749
69.6242
53.8786
38.71739
30.20436
20.12597
15.39551
10.29403
3.266294
0.3173519
0
0
0
0
0
0
0
0
0
0
0
0
0
0
0
0
0
0
0
0
0
0
0
0
0
0
0
0
0
0
0
0
0
0
0
0
0
0
0
0
0
0
0
0
0
0
0
0
0
0
0
0
0
0
0
0
0
0
0
0
0
0
0
0
0
0
0
0
0
0
0
0
0
0
0
0
3.640833
8.321752
15.6729
28.31393
37.31594
51.68212
73.42539
96.53694
118.224
151.6623
178.0719
214.0404
259.0832
305.9998
356.0685
397.4639
431.6656
441.5649
460.0818
468.1682
479.565
485.1998
490.1029
500.4912
507.297
513.381
508.5417
500.5793
489.7236
474.7753
449.1409
434.3781
412.6403
388.1746
371.6737
336.7543
307.4601
275.6813
245.7951
198.0811
163.4748
127.0618
99.52133
76.00789
62.44229
49.61683
40.8498
27.83359
22.3491
13.74418
7.840634
3.580593
0.4281118
0
0
0
0
0
0
0
0
0
0
0
0
0
0
0
0
0
0
0
0
0
0
0
0
0
0
0
0
0
0
0
0
0
0
0
0
0
0
0
0
0
0
0
0
0
0
0
0
0
0
0
0
0
0
0
0
0
0
0
0
0
0
0
0
0
0
0
0
0
0
0
0
0
0
0
2.659779
13.16172
23.68039
37.98572
50.16472
65.95445
88.38437
108.1892
129.5042
161.1639
187.5278
223.8635
281.2029
328.077
380.862
435.2757
480.3087
521.0603
543.2473
570.2208
602.7989
619.4318
645.4155
670.2639
690.2822
697.3867
699.57
679.6455
655.6064
626.8705
589.7706
542.6311
512.5567
467.7744
432.8822
388.8995
339.7338
301.2545
259.516
200.0971
157.9847
123.6232
95.5522
82.14556
71.5654
55.20414
49.83627
35.37213
25.28581
18.81359
9.770589
3.873905
2.475309
0.9668156
0.1047337
0
0
0
0
0
0
0
0
0
0
0
0
0
0
0
0
0
0
0
0
0
0
0
0
0
0
0
0
0
0
0
0
0
0
0
0
0
0
0
0
0
0
0
0
0
0
0
0
0
0
0
0
0
0
0
0
0
0
0
0
0
0
0
0
0
0
0
0
0
0
0
0
1.192534
7.970784
20.47501
32.75236
49.92014
66.74642
83.37986
107.994
126.4415
145.2031
174.0221
202.5116
235.8372
294.622
340.1164
409.2787
469.2504
546.5207
603.1783
650.309
708.9871
764.8367
805.8083
842.7417
882.8616
921.1802
937.1258
934.4537
912.5161
870.3386
822.5875
764.7149
690.3593
628.817
563.007
504.213
440.8638
366.586
319.2556
266.9183
206.893
166.4769
129.1578
104.5685
93.94358
81.76291
66.89844
60.90417
47.53313
33.86601
29.88878
19.33332
12.65508
5.375453
2.620285
0.3342379
0
0
0
0
0
0
0
0
0
0
0
0
0
0
0
0
0
0
0
0
0
0
0
0
0
0
0
0
0
0
0
0
0
0
0
0
0
0
0
0
0
0
0
0
0
0
0
0
0
0
0
0
0
0
0
0
0
0
0
0
0
0
0
0
0
0
0
0
0
0
0
0
1.714231
7.982477
26.09709
38.19822
56.32874
79.66258
98.78766
123.4158
142.8569
164.3179
190.7229
217.995
244.9681
305.5482
354.6987
417.6573
497.6377
588.8361
677.6695
750.5839
846.2823
941.7449
1008.801
1067.859
1125.121
1161.975
1195.212
1182.387
1150.685
1095.824
1042.693
960.3198
852.0354
757.0814
660.2379
565.5806
475.0019
383.3766
329.3517
268.7602
211.2094
169.7338
134.1578
113.584
103.9399
92.68716
77.45183
74.6237
59.38652
41.22935
34.92389
24.12256
13.66192
7.724523
3.887343
1.356579
0.145779
0
0
0
0
0
0
0
0
0
0
0
0
0
0
0
0
0
0
0
0
0
0
0
0
0
0
0
0
0
0
0
0
0
0
0
0
0
0
0
0
0
0
0
0
0
0
0
0
0
0
0
0
0
0
0
0
0
0
0
0
0
0
0
0
0
0
0
0
0
0
3.208771
3.437158
10.34371
27.27253
43.66685
62.44471
90.98533
111.9997
142.089
157.1203
183.0255
216.429
235.7141
266.2182
321.3802
363.7254
435.0333
520.7059
630.8344
763.4212
868.1009
995.1477
1139.51
1236.052
1318.562
1381.337
1444.362
1458.22
1453.413
1417.596
1359.544
1288.533
1164.207
1029.19
895.134
766.7226
629.2837
516.5143
398.5514
334.1731
265.4247
217.2611
175.8043
150.9475
132.5937
119.0551
103.5907
83.08571
78.69344
66.33046
46.11304
42.0666
24.76914
16.8796
12.87576
3.983708
0.4279063
0.009664186
0
0
0
0
0
0
0
0
0
0
0
0
0
0
0
0
0
0
0
0
0
0
0
0
0
0
0
0
0
0
0
0
0
0
0
0
0
0
0
0
0
0
0
0
0
0
0
0
0
0
0
0
0
0
0
0
0
0
0
0
0
0
0
0
0
0
0
0
0
0
0.1088418
3.771011
12.50859
28.42444
43.54966
62.65248
95.17511
116.6134
150.9877
172.3804
204.8449
232.9443
262.1657
291.5361
338.3282
374.294
445.4277
542.5815
662.6675
842.9199
974.9343
1140.783
1328.118
1464.107
1554.232
1643.915
1704.787
1719.69
1709.702
1663.747
1600.539
1512.426
1373.451
1199.343
1031.994
853.61
675.5316
541.946
406.0459
338.8686
267.7131
226.8575
191.9163
165.2821
149.1381
131.5256
110.3008
88.51167
80.02758
65.06899
44.97331
41.39722
26.03807
16.46285
9.149736
5.667578
2.102838
0.2252478
0
0
0
0
0
0
0
0
0
0
0
0
0
0
0
0
0
0
0
0
0
0
0
0
0
0
0
0
0
0
0
0
0
0
0
0
0
0
0
0
0
0
0
0
0
0
0
0
0
0
0
0
0
0
0
0
0
0
0
0
0
0
0
0
0
0
0
0
0
0
3.266441
6.215571
16.34343
29.27887
47.06375
65.78003
99.00614
124.8503
166.368
186.6283
232.3406
260.7156
289.1617
312.1688
370.8779
409.2233
475.9865
586.9419
729.1791
940.2737
1106.624
1301.665
1537.053
1703.588
1802.841
1912.31
1994.34
2004.119
1996.49
1942.808
1872.652
1742.785
1592.524
1396.169
1192.287
960.2305
743.8522
589.3678
429.9568
365.8668
288.625
252.1966
213.3486
192.1809
169.573
139.0517
113.628
93.10359
78.69418
62.41275
48.578
38.52845
27.27579
19.94222
13.87841
6.148622
4.170031
1.617477
0.1735675
0
0
0
0
0
0
0
0
0
0
0
0
0
0
0
0
0
0
0
0
0
0
0
0
0
0
0
0
0
0
0
0
0
0
0
0
0
0
0
0
0
0
0
0
0
0
0
0
0
0
0
0
0
0
0
0
0
0
0
0
0
0
0
0
0
0
0
0
0
1.717096
8.628064
18.75334
31.00635
48.58035
65.93523
99.52855
127.8276
170.0612
195.2594
242.8905
282.6172
315.5523
345.7819
407.8313
440.3985
524.2478
641.7088
800.0716
1056.284
1239.337
1465.022
1712.084
1903.52
2036.941
2172.555
2267.824
2297.917
2284.605
2212.434
2098.414
1964.261
1765.054
1551.397
1308.752
1060.893
818.372
653.1038
477.7434
404.4661
314.3362
275.6789
234.5448
207.8619
181.2392
147.3185
117.3963
99.31115
76.79096
59.40027
48.42053
34.87754
23.60154
21.49849
14.80754
6.926892
7.222954
2.055361
0.1649244
0
0
0
0
0
0
0
0
0
0
0
0
0
0
0
0
0
0
0
0
0
0
0
0
0
0
0
0
0
0
0
0
0
0
0
0
0
0
0
0
0
0
0
0
0
0
0
0
0
0
0
0
0
0
0
0
0
0
0
0
0
0
0
0
0
0
0
0
0
2.225852
7.743409
16.68878
28.07769
42.44077
62.69958
94.37459
129.0432
173.7079
198.3722
248.5801
287.5724
325.9435
371.1596
449.3256
492.076
590.5748
720.5221
892.7974
1176.382
1358.579
1595.025
1835.715
2056.508
2211.724
2392.378
2526.241
2574.947
2556.428
2455.977
2317.084
2117.252
1888.423
1643.223
1389.129
1142.644
900.389
737.0941
554.9419
458.8133
360.8209
305.0903
256.4791
220.6485
189.8865
147.3386
117.6134
103.4191
75.60049
58.92742
46.61644
33.1594
23.00399
20.71041
9.332256
7.40913
7.104779
1.007661
0
0
0
0
0
0
0
0
0
0
0
0
0
0
0
0
0
0
0
0
0
0
0
0
0
0
0
0
0
0
0
0
0
0
0
0
0
0
0
0
0
0
0
0
0
0
0
0
0
0
0
0
0
0
0
0
0
0
0
0
0
0
0
0
0
0
0
0
0
0
0.7423688
4.034685
9.363277
19.19156
34.69241
53.92872
85.28347
118.2529
160.4039
184.7426
229.2484
278.2984
326.5003
373.9244
476.672
545.6382
658.7377
804.6802
986.5079
1267.465
1424.372
1678.161
1932.95
2163.578
2345.512
2555.186
2722.449
2803.797
2790.777
2675.602
2483.775
2244.281
1961.771
1677.142
1410.692
1186.144
951.2595
819.2767
633.2221
528.4706
411.2137
323.4568
258.0343
216.963
177.5366
132.8537
109.2496
98.51926
67.42035
51.8675
42.30336
29.92618
16.04146
12.94261
6.759165
4.579603
2.250199
0.2706172
0
0
0
0
0
0
0
0
0
0
0
0
0
0
0
0
0
0
0
0
0
0
0
0
0
0
0
0
0
0
0
0
0
0
0
0
0
0
0
0
0
0
0
0
0
0
0
0
0
0
0
0
0
0
0
0
0
0
0
0
0
0
0
0
0
0
0
0
0
5.639723
4.306299
5.89387
12.35101
21.04369
26.64691
45.32188
77.00067
110.6914
153.905
174.3231
206.7353
255.3346
313.752
375.5315
514.628
616.6389
759.68
915.631
1078.746
1367.381
1521.875
1750.382
2014.686
2286.587
2465.933
2709.111
2911.769
3002.41
3002.107
2886.609
2661.281
2390.317
2047.926
1735.58
1455.669
1223.172
1009.178
914.1245
741.9877
616.2941
488.8679
357.2528
278.3038
214.6715
166.36
129.209
109.5748
97.37207
70.11112
47.5766
34.34223
25.6346
17.50582
8.522281
4.254026
6.19117
4.815826
0.6454225
0
0
0
0
0
0
0
0
0
0
0
0
0
0
0
0
0
0
0
0
0
0
0
0
0
0
0
0
0
0
0
0
0
0
0
0
0
0
0
0
0
0
0
0
0
0
0
0
0
0
0
0
0
0
0
0
0
0
0
0
0
0
0
0
0
0
0
0
0
0.5553929
5.641548
5.842059
10.55793
16.19373
18.16953
33.22532
65.12076
96.99854
124.6265
153.3256
175.9194
225.7933
300.4738
384.7313
555.5692
686.6587
860.4025
1020.845
1180.571
1465.904
1602.413
1848.403
2134.333
2429.846
2640.212
2896.303
3078.323
3200.683
3177.929
3062.155
2825.817
2524.387
2156.082
1810.29
1488.111
1263.834
1078.634
993.4812
841.9129
705.1507
566.8962
389.4825
285.198
205.0317
141.8804
107.5894
95.75933
78.87537
55.78348
38.73386
26.07128
16.36602
9.470998
2.608892
2.089108
2.29651
1.615189
0.7537645
0.2852467
0.1208127
0.01470731
0
0
0
0
0
0
0
0
0
0
0
0
0
0
0
0
0
0
0
0
0
0
0
0
0
0
0
0
0
0
0
0
0
0
0
0
0
0
0
0
0
0
0
0
0
0
0
0
0
0
0
0
0
0
0
0
0
0
0
0
0
0
0
0
0
0
5.403667
12.86832
14.13032
19.32879
21.09507
20.49396
35.63608
60.37889
87.68673
110.8345
131.8414
142.9166
195.3082
287.5788
385.613
581.9862
747.5817
945.4721
1110.868
1248.726
1526.178
1682.096
1935.98
2240.966
2542.985
2763.23
2987.073
3189.07
3288.383
3260.495
3130.772
2929.451
2623.697
2258.324
1885.42
1544.628
1306.828
1116.598
1051.684
909.8418
766.9493
629.9518
429.7839
300.2793
204.2909
127.9539
93.48409
81.35193
66.1433
49.2537
34.59083
24.60771
17.25399
10.52563
6.330327
6.629343
7.762408
9.124031
8.245948
7.310703
5.872046
1.652617
0.140825
0
0
0
0
0
0
0
0
0
0
0
0
0
0
0
0
0
0
0
0
0
0
0
0
0
0
0
0
0
0
0
0
0
0
0
0
0
0
0
0
0
0
0
0
0
0
0
0
0
0
0
0
0
0
0
0
0
0
0
0
0
0
0
0
0
2.530969
11.46861
14.36448
18.51471
24.79401
25.64698
34.80519
54.36559
65.92542
78.23382
97.8377
104.9234
169.2323
274.4683
383.3433
592.8198
769.7869
968.3071
1135.147
1276.651
1584.15
1751.988
2032.287
2344.294
2661.927
2840.799
3069.248
3244.31
3316.848
3289.139
3172.596
2966.273
2668.976
2329.785
1962.711
1621.586
1375.943
1136.174
1069.789
929.2184
773.748
649.8467
447.4687
308.4897
196.5537
109.8461
77.40601
61.61836
44.67273
37.3514
26.82023
17.16061
9.277324
8.909496
7.717149
7.105948
6.448676
7.941252
9.394093
1.821455
0.0752335
0
0
0
0
0
0
0
0
0
0
0
0
0
0
0
0
0
0
0
0
0
0
0
0
0
0
0
0
0
0
0
0
0
0
0
0
0
0
0
0
0
0
0
0
0
0
0
0
0
0
0
0
0
0
0
0
0
0
0
0
0
0
0
0
0
0
0
0.4537538
9.131967
10.09153
17.11076
25.91219
33.59169
47.76873
56.97608
60.8203
61.56282
79.18893
86.53114
153.5453
262.9469
375.1367
581.3165
758.2435
951.3319
1136.647
1282.313
1639.671
1834.881
2103.052
2424.046
2746.744
2913.8
3102.274
3274.289
3345.976
3300.624
3153.007
2975.022
2693.731
2353.994
2028.94
1700.886
1455.36
1172.474
1076.717
911.6808
743.9895
630.0818
451.3508
319.31
200.4135
106.8756
66.1329
42.61258
28.33151
25.8438
25.51634
21.34587
15.29693
11.55034
9.672882
7.254577
6.844751
6.28871
1.877802
0.1653989
0
0
0
0
0
0
0
0
0
0
0
0
0
0
0
0
0
0
0
0
0
0
0
0
0
0
0
0
0
0
0
0
0
0
0
0
0
0
0
0
0
0
0
0
0
0
0
0
0
0
0
0
0
0
0
0
0
0
0
0
0
0
0
0
0
0
0
0.01366685
0.04187366
4.332249
9.243885
15.97038
29.47815
43.6012
60.89661
66.68902
63.37235
48.18148
61.87708
75.5263
152.961
272.295
374.3541
564.7591
723.1059
916.0545
1125.519
1324.561
1740.174
1976.364
2253.567
2557.724
2866.859
3029.486
3228.115
3413.089
3488
3451.621
3285.022
3069.957
2767.38
2446.842
2150.407
1828.734
1594.329
1261.031
1115.934
897.3938
708.0649
597.5052
445.2402
326.6232
208.255
111.7434
67.37036
35.35881
25.47906
24.81876
26.38088
35.5541
24.97581
16.80876
10.83894
6.477398
8.062019
4.817749
1.024629
0.07037506
0
0
0
0
0
0
0
0
0
0
0
0
0
0
0
0
0
0
0
0
0
0
0
0
0
0
0
0
0
0
0
0
0
0
0
0
0
0
0
0
0
0
0
0
0
0
0
0
0
0
0
0
0
0
0
0
0
0
0
0
0
0
0
0
0
2.771901
5.057414
10.19096
8.903396
2.881508
2.780967
5.958164
18.39788
41.2095
59.22869
64.47592
51.78255
36.73625
45.89272
69.97598
148.6119
252.7569
342.1801
506.4537
634.2506
833.5795
1082.758
1313.696
1784.161
2025.577
2301.001
2586.876
2898.144
3056.696
3246.657
3454.347
3553.778
3491.965
3345.047
3079.317
2744.337
2426.296
2137.964
1850.74
1657.768
1305.315
1106.867
839.3792
627.6841
518.9921
392.0473
295.5999
200.8683
114.1686
62.31885
24.44943
15.78719
16.72135
22.54698
35.85591
23.92434
14.02557
7.125447
2.7501
0.709565
0.06640491
0
0
0
0
0
0
0
0
0
0
0
0
0
0
0
0
0
0
0
0
0
0
0
0
0
0
0
0
0
0
0
0
0
0
0
0
0
0
0
0
0
0
0
0
0
0
0
0
0
0
0
0
0
0
0
0
0
0
0
0
0
0
0
0
0
0
0
4.363832
6.215715
17.98721
17.7316
12.69843
3.737962
1.110482
13.83837
31.25982
49.34619
48.52111
40.39755
25.16259
38.69723
68.5448
151.6136
238.0957
303.7907
423.4062
534.0279
740.7347
1023.627
1307.006
1795.62
2059.564
2312.102
2580.199
2914.95
3058.552
3309.033
3525.303
3624.891
3575.13
3410.12
3124.341
2762.168
2428.794
2155.261
1882.715
1697.35
1326.414
1116.057
800.3262
565.9383
436.3571
335.3108
256.1637
192.9147
121.455
66.70331
21.96094
10.83409
7.03046
18.62662
29.71704
19.84588
9.179551
4.707811
0.6007232
0
0
1.167893
2.148582
6.908795
3.445471
2.755607
1.816571
0.2370325
0
0
0
0
0
0
0
0
0
0
0
0
0
0
0
0
0
0
0
0
0
0
0
0
0
0
0
0
0
0
0
0
0
0
0
0
0
0
0
0
0
0
0
0
0
0
0
0
0
0
0
0
0
0
0
0
0
0
0
0
0
7.383772
19.76449
20.6382
22.95335
12.56538
5.294351
14.0441
25.13072
37.71852
31.25744
26.58552
25.84794
43.66804
77.84991
151.2495
208.416
259.4328
356.6496
444.2597
658.2797
975.1476
1286.895
1783.072
2049.806
2300.901
2599.126
2920.979
3103.939
3348.703
3572.501
3667.877
3621.243
3445.808
3158.855
2797.605
2436.495
2128.385
1856.211
1672.022
1313.038
1077.393
753.9561
510.9477
374.1104
268.8565
200.4189
165.4922
117.113
71.69652
25.9941
7.864353
3.946973
8.705177
17.18265
11.70335
5.818064
0.7176459
0
1.374529
5.120247
12.83558
6.346562
10.97313
4.638117
5.042495
1.564647
0.1342652
0
0
0
0
0
0
0
0
0
0
0
0
0
0
0
0
0
0
0
0
0
0
0
0
0
0
0
0
0
0
0
0
0
0
0
0
0
0
0
0
0
0
0
0
0
0
0
0
0
0
0
0
0
0
0
0
0
0
0
0
0
3.935161
11.67176
19.26281
27.79373
19.19808
14.95346
23.64294
28.06137
28.07455
17.73389
16.70516
29.90608
56.05432
94.06805
158.1283
186.5093
219.5538
293.8514
379.2061
594.4625
907.5575
1216.844
1697.658
1998.966
2257.111
2569.711
2946.701
3142.456
3393.717
3616.55
3711.455
3650.248
3472.594
3201.981
2830.315
2481.559
2121.188
1819.746
1621.294
1257.284
1024.093
718.5377
475.187
326.3838
217.5567
160.9219
146.5347
118.8032
82.85183
40.05961
16.52491
7.372478
5.631043
7.512811
9.19625
9.200857
5.92497
5.796627
6.683852
9.207709
13.38523
8.405045
12.21278
5.699688
2.495639
2.161438
0.3086191
0
0
0
0
0
0
0
0
0
0
0
0
0
0
0
0
0
0
0
0
0
0
0
0
0
0
0
0
0
0
0
0
0
0
0
0
0
0
0
0
0
0
0
0
0
0
0
0
0
0
0
0
0
0
0
0
0
0
0
0
0
0
1.511057
4.230051
14.56779
17.4269
18.07444
34.36484
35.86799
22.69301
5.546401
5.168
32.76944
73.2431
108.5377
149.1874
153.5849
182.1762
246.9829
326.8574
523.1035
805.1355
1106.717
1549.649
1880.188
2144.366
2516.491
2909.133
3116.568
3375.308
3594.181
3675.752
3613.51
3443.794
3179.058
2817.201
2450.379
2075.093
1737.617
1494.423
1139.194
910.6394
646.9313
436.4168
298.0519
176.0306
123.3579
117.7238
109.467
83.22904
50.59528
20.28181
3.822738
0.7505865
4.745303
4.19973
9.133576
9.033449
6.162112
5.340471
4.929913
5.734382
2.0254
2.205985
0.4874377
0.02546043
0
0
0
0
0
0
0
0
0
0
0
0
0
0
0
0
0
0
0
0
0
0
0
0
0
0
0
0
0
0
0
0
0
0
0
0
0
0
0
0
0
0
0
0
0
0
0
0
0
0
0
0
0
0
0
0
0
0
0
0
0
0.9055781
0.5160391
0.06084024
0
0.6781253
6.814865
19.80381
34.59872
50.04329
55.6717
32.26002
6.307918
7.084828
44.03604
89.0518
122.7745
145.8652
137.1
166.5737
222.3284
309.0433
488.7953
735.2469
998.2783
1428.332
1787.383
2074.874
2519.465
2956.395
3182.701
3445.983
3663.848
3759.09
3694.956
3522.636
3236.973
2865.72
2495.245
2068.554
1692.79
1417.291
1043.938
815.7492
587.0353
421.7118
286.5097
162.5507
106.7836
105.449
107.2301
91.46849
66.12865
33.75151
15.13621
4.682524
7.639818
13.96097
22.17889
23.18802
20.74493
10.6825
5.633069
0.7226544
0
0
0
0
0
0
0
0
0
0
0
0
0
0
0
0
0
0
0
0
0
0
0
0
0
0
0
0
0
0
0
0
0
0
0
0
0
0
0
0
0
0
0
0
0
0
0
0
0
0
0
0
0
0
0
0
0
0
0
0
0
0
0
0
1.431699
3.391814
4.950388
3.955553
0.7745351
0.03970812
4.969021
15.24254
36.02779
55.03064
59.12115
30.81998
5.27554
11.51743
50.92695
97.98148
112.4812
126.6004
115.6487
150.8478
216.3396
298.287
439.5156
631.0815
847.565
1236.885
1612.921
1918.965
2416.781
2887.565
3123.123
3402.671
3622.72
3711.494
3642.651
3464.452
3176.57
2787.733
2428.687
1955.813
1570.974
1275.754
902.0643
676.9226
496.4238
374.4101
266.8751
150.152
98.75512
89.73434
88.64373
84.81513
69.97268
36.2707
18.43982
3.318083
8.954485
17.34666
28.23477
36.97126
30.27688
14.23213
9.084737
4.266835
0.5054141
0
0
0
0
0
0
0
0
0
0
0
0
0
0
0
0
0
0
0
0
0
0
0
0
0
0
0
0
0
0
0
0
0
0
0
0
0
0
0
0
0
0
0
0
0
0
0
0
0
0
0
0
0
0
0
0
0
0
0
0
0
0
0
0
5.944033
9.733929
7.021679
8.891369
2.46761
1.600709
10.34269
29.70553
45.02724
48.03029
23.75522
6.87278
15.0564
51.04046
92.9347
99.28038
106.3708
104.8931
150.5655
219.0255
293.354
396.9827
541.9422
730.2378
1081.349
1472.845
1783.652
2302.701
2808.636
3095.954
3405.35
3634.657
3734.464
3671.42
3485.645
3191.809
2765.983
2368.42
1867.294
1478.875
1166.407
792.7146
581.7331
428.1813
335.4212
256.24
153.8207
100.876
78.22743
69.79861
71.35821
59.91955
35.76124
23.27849
4.580575
3.048928
5.295275
18.47584
32.81227
22.26734
10.30508
7.046006
1.460406
0.08206409
0.3403068
1.388096
2.736338
2.046422
0.2923472
0.003530271
0
0
0
0
0
0
0
0
0
0
0
0
0
0
0
0
0
0
0
0
0
0
0
0
0
0
0
0
0
0
0
0
0
0
0
0
0
0
0
0
0
0
0
0
0
0
0
0
0
0
0
0
0
0
0
0
0
0.8443705
6.499979
11.89047
10.16846
6.75404
1.841907
0.6820126
1.635763
15.91265
18.85971
17.83264
10.85596
16.40029
35.51657
62.13745
85.22733
80.60095
89.69701
96.11103
157.0511
228.7005
293.7504
372.535
475.7811
627.8406
944.6174
1329.042
1633.088
2159.776
2715.443
3031.881
3385.475
3653.593
3772.89
3708.742
3514.022
3170.382
2740.455
2306.777
1765.09
1373.149
1056.344
701.0494
497.2573
363.2997
296.6786
247.6186
159.996
115.2097
74.32448
52.11208
52.83111
52.40374
32.22377
27.5939
8.362172
0.7550279
0.1205663
3.853638
8.583827
4.984942
1.415289
1.038485
0.1506711
0
0
3.280206
9.785581
7.042087
3.665977
0.4580455
0
0
0
0
0
0
0
0
0
0
0
0
0
0
0
0
0
0
0
0
0
0
0
0
0
0
0
0
0
0
0
0
0
0
0
0
0
0
0
0
0
0
0
0
0
0
0
0
0
0
0
0
0
0
0
0
0
0
0.004215611
3.269172
7.988623
4.042926
1.347897
0.2881215
0.02355003
0
0
1.847702
13.25676
42.40699
60.93728
75.42844
74.3738
68.48938
83.40977
100.5467
170.4761
231.7437
295.8694
341.3027
415.2696
552.5947
823.6758
1168.62
1459.738
1992.492
2548.223
2905.003
3290.906
3609.799
3737.442
3668.727
3467.786
3095.454
2639.9
2184.488
1617.303
1232.618
935.6299
618.4815
431.477
316.667
255.8987
225.9604
162.414
126.0414
76.64792
42.80026
37.81282
46.10092
40.7073
45.83237
28.39655
9.791932
2.363641
0.2223661
0
0
0
0
0
0
0
0
0.2377878
0.355264
0.05259084
0
0
0
0
0
0
0
0
0
0
0
0
0
0
0
0
0
0
0
0
0
0
0
0
0
0
0
0
0
0
0
0
0
0
0
0
0
0
0
0
0
0
0
0
0
0
0
0
0
0
0
0
0
0
0
0
0
0
0
0
4.156763
4.998449
6.492621
8.782635
16.41679
10.04721
5.048493
1.837848
3.698472
25.52095
71.35995
95.03451
88.65089
72.57828
61.41309
81.18839
112.0278
180.9685
235.8117
292.4054
323.4159
381.8806
501.6572
737.9945
1061.035
1299.792
1808.293
2347.251
2733.532
3173.858
3532.221
3721.654
3658.312
3421.167
3008.115
2498.666
2046.536
1486.327
1119.411
839.4672
559.0424
387.1611
284.9198
231.4567
212.7815
162.2028
141.0596
89.65257
41.77442
33.77783
41.56317
54.62333
67.03174
54.45596
33.6949
15.73728
3.852731
0.3264993
0
0
0
0
0
0
0
0
0
0
0
0
0
0
0
0
0
0
0
0
0
0
0
0
0
0
0
0
0
0
0
0
0
0
0
0
0
0
0
0
0
0
0
0
0
0
0
0
0
0
0
0
0
0
0
0
0
0
0
0
0
0
0
0
0
0
0
0
0
0
0
3.842412
10.13133
23.72577
32.37865
28.52001
13.68784
4.55165
10.76174
43.17451
89.91208
108.5626
93.44519
66.91338
61.87122
90.39466
129.1288
191.8489
230.467
281.6906
311.2576
360.4318
470.9349
660.4733
950.7798
1158.987
1625.119
2142.432
2519.66
2997.821
3391.137
3631.147
3601.799
3370.54
2894.389
2344.216
1875.726
1333.544
1004.665
755.454
512.3915
359.1379
267.0675
214.7923
199.1858
156.3004
145.4162
94.71135
48.35203
35.12674
39.92778
59.58185
72.33149
66.99341
51.20018
29.63669
9.442029
7.03534
15.0153
9.646918
20.04163
17.90082
10.73329
7.796365
7.333086
4.997381
0.8435014
0.03078224
0
0
0
0
0
0
0
0
0
0
0
0
0
0
0
0
0
0
0
0
0
0
0
0
0
0
0
0
0
0
0
0
0
0
0
0
0
0
0
0
0
0
0
0
0
0
0
0
0
0
0
0
0
0
0
0
0
0
0
0
0
3.00738
15.08734
25.0754
38.2891
32.81057
14.44494
3.501852
13.94665
44.28882
81.18573
94.19337
80.80903
57.68267
66.67469
100.6264
144.217
181.7098
216.6444
269.3792
298.4689
344.9319
450.654
616.5443
871.5141
1054.575
1486.634
1970.649
2361.885
2858.691
3281.754
3556.448
3559.565
3349.637
2812.01
2241.039
1742.74
1201.583
916.4928
690.9807
477.2847
336.7449
251.5448
201.6515
190.907
149.9055
138.8505
94.06353
56.44353
35.74576
30.72564
46.03006
57.86311
60.58236
53.8437
29.24666
12.59841
12.69773
12.57598
15.54125
25.05582
26.22078
14.32694
14.69685
5.335086
1.405521
0.1458916
0
0
0
0
0
0
0
0
0
0
0
0
0
0
0
0
0
0
0
0
0
0
0
0
0
0
0
0
0
0
0
0
0
0
0
0
0
0
0
0
0
0
0
0
0
0
0
0
0
0
0
0
0
0
0
0
0
0
0
0
0
2.752693
5.39425
9.810047
12.70885
21.58892
17.00042
5.066954
1.097047
9.679679
29.12403
51.34178
57.99933
56.79073
50.31032
71.51881
106.4216
142.2904
170.6158
200.4515
247.0024
279.1826
324.9309
427.023
565.409
788.8092
959.8015
1362.896
1803.571
2179.451
2670.784
3057.253
3343.126
3353.715
3178.061
2650.086
2096.18
1588.105
1077.014
821.3229
616.6985
435.861
314.7439
232.6263
187.4959
173.3277
137.0216
125.4919
84.97178
62.94226
40.99169
24.24142
28.49838
29.69917
33.74886
31.67847
23.26585
6.749594
3.103244
1.630584
2.376097
14.73509
16.91572
6.72151
13.75261
7.498794
4.920525
0.6719531
0
0
0
0
0
0
0
0
0
0
0
0
0
0
0
0
0
0
0
0
0
0
0
0
0
0
0
0
0
0
0
0
0
0
0
0
0
0
0
0
0
0
0
0
0
0
0
0
0
0
0
0
0
0
0
0
0
0
0
0
3.214421
5.737698
5.408582
5.939849
5.864243
5.341143
5.334614
1.09764
10.59796
15.43369
21.34723
27.28562
33.19607
44.18909
51.56055
83.75109
113.0535
144.1722
161.13
180.8581
228.7496
270.5505
315.832
412.3583
537.5701
752.419
909.7548
1302.705
1731.752
2117.343
2571.53
2930.883
3190.263
3231.094
3086.454
2611.136
2064.99
1564.807
1029.604
762.624
578.289
430.4071
306.1607
232.8726
184.6293
171.457
132.9858
117.8841
90.81749
73.05517
49.94082
31.99232
19.81023
11.70041
16.11914
17.11496
18.69464
10.87031
1.360086
0
0
1.638157
5.931977
4.799593
7.590676
11.59993
5.587562
1.248382
0.1011839
0
0
0
0
0
0
0
0
0
0
0
0
0
0
0
0
0
0
0
0
0
0
0
0
0
0
0
0
0
0
0
0
0
0
0
0
0
0
0
0
0
0
0
0
0
0
0
0
0
0
0
0
0
0
0
0
0
0
0
0
1.779596
4.145946
2.327553
2.068353
5.753388
8.015328
12.14908
33.59797
35.19575
27.04158
15.59785
15.87211
40.89609
59.42369
88.52079
110.9958
129.8207
140.256
162.3048
206.6768
248.7866
300.24
385.9205
496.7064
681.3533
847.6878
1242.964
1654.477
1983.668
2358.077
2647.081
2866.495
2889.797
2781.896
2414.088
1946.531
1467.979
949.8304
694.1842
511.8512
390.8451
297.4209
222.2741
173.5406
154.7308
124.5475
107.6399
84.84253
76.89971
64.52271
39.06958
19.99721
7.347766
10.65578
13.73293
18.78961
23.12654
16.08841
11.00508
8.489041
5.921039
4.531116
4.404929
2.873393
5.309298
2.161097
0.2230572
0
0
0
0
0
0
0
0
0
0
0
0
0
0
0
0
0
0
0
0
0
0
0
0
0
0
0
0
0
0
0
0
0
0
0
0
0
0
0
0
0
0
0
0
0
0
0
0
0
0
0
0
0
0
0
0
0
0
0
0
0
0
1.054949
3.015855
6.99735
16.97867
23.41487
32.68111
47.39777
42.78715
22.89616
6.290404
8.96977
35.08269
55.81505
83.60773
105.7019
123.0143
125.8846
149.4268
188.5654
233.5084
297.1526
365.1867
461.1132
647.5006
816.921
1222.339
1618.785
1922.93
2222.137
2438.808
2587.471
2615.281
2556.624
2298.922
1900.625
1461.536
943.6415
661.8974
476.226
374.4124
301.8361
224.9842
168.5031
141.0177
122.7992
97.81723
84.76271
72.66934
57.27795
42.28732
20.26353
4.62472
2.24568
14.52064
23.63259
34.78379
37.2877
35.01087
20.78337
19.86914
13.38954
4.661931
6.865
2.426961
0.2272481
0
0
0
0
0
0
0
0
0
0
0
0
0
0
0
0
0
0
0
0
0
0
0
0
0
0
0
0
0
0
0
0
0
0
0
0
0
0
0
0
0
0
0
0
0
0
0
0
0
0
0
0
0
0
0
0
0
0
0
0
0
0
1.595338
5.191885
12.02637
17.46431
29.53422
33.88859
42.97224
44.70697
39.05337
17.2387
2.953712
7.653515
28.91254
53.77702
75.46591
90.89545
111.4951
111.5969
131.2354
165.884
219.7272
274.0743
335.0241
424.763
602.8216
783.5308
1183.021
1546.938
1797.353
2005.737
2143.225
2230.683
2246.49
2225.218
2059.078
1766.359
1408.208
899.3565
617.9582
429.7965
337.3261
282.926
217.1152
160.3104
126.8213
104.6989
89.46236
73.97722
68.00009
54.6031
37.55388
21.30818
7.515356
1.402717
8.063279
19.20606
33.19856
46.43136
47.15241
32.29543
31.94856
23.74692
13.74084
14.42829
5.599821
0.5812849
0
0
0
0
0
0
0
0
0
0
0
0
0
0
0
0
0
0
0
0
0
0
0
0
0
0
0
0
0
0
0
0
0
0
0
0
0
0
0
0
0
0
0
0
0
0
0
0
0
0
0
0
0
0
0
0
0
0
0
0
0
0
3.009094
9.913737
15.74271
14.85034
23.62231
28.183
30.25902
23.65032
21.22812
4.90709
1.257215
5.101757
27.06871
43.00488
57.92792
79.61577
92.80421
95.69487
119.0999
150.038
207.4885
259.6938
310.9558
396.3876
577.4611
779.6963
1181.71
1535.327
1749.138
1883.957
1963.335
1970.738
1973.603
1972.86
1901.84
1707.962
1405.823
935.8516
638.9681
419.9352
317.3619
271.3347
218.024
167.0306
122.3357
95.76349
77.9056
69.80325
60.49978
41.47952
32.04134
16.6609
9.613856
3.996531
2.719536
4.980376
14.79611
28.73018
26.88364
28.40442
30.11933
23.16639
15.14476
13.09504
7.97297
3.854357
0.4721727
0
0
0
0
0
0
0
0
0
0
0
0
0
0
0
0
0
0
0
0
0
0
0
0
0
0
0
0
0
0
0
0
0
0
0
0
0
0
0
0
0
0
0
0
0
0
0
0
0
0
0
0
0
0
0
0
0
0
0
0
0
0
0.9531568
4.282682
3.323348
3.58922
3.86863
4.005395
1.392566
0.1362962
0
2.516231
7.825778
16.76416
34.43933
45.54658
62.20071
73.87874
81.36639
103.624
140.5677
187.7928
226.6431
275.5107
373.4874
571.8972
780.4451
1164.258
1465.584
1636.303
1727.741
1748.816
1728.845
1705.725
1716.472
1708.534
1577.858
1367.348
943.9338
642.1976
411.1374
287.6297
237.1311
205.4162
156.7367
115.0431
81.55449
61.98255
53.74231
47.87861
31.15123
20.34654
12.59253
8.8492
1.420296
0.03668621
0
0.433633
3.498742
6.735255
8.97798
9.076099
6.119121
3.706143
0.4834785
0
0
0
0
0
0
0
0
0
0
0
0
0
0
0
0
0
0
0
0
0
0
0
0
0
0
0
0
0
0
0
0
0
0
0
0
0
0
0
0
0
0
0
0
0
0
0
0
0
0
0
0
0
0
0
0
0
0
0
0
0
0
0
0
0
0
0
0
0
0
0
0.2812746
1.774682
6.368984
8.048977
11.6268
10.70771
21.40469
28.39805
45.0325
56.99979
67.61483
102.388
133.5864
171.5945
199.5192
240.9401
360.5849
564.7636
791.4682
1144.27
1394.139
1519.392
1572.218
1557.844
1530.54
1487.494
1490.169
1510.75
1448.246
1309.062
952.7251
673.7772
420.9641
265.4071
214.9098
185.3865
158.2635
115.1237
77.9552
49.93884
40.12626
32.29421
22.27324
15.22052
8.148116
10.81157
10.65998
6.119614
4.980922
1.679249
0.1628622
0
0
0
0
0
0
0
0
0
0
0
0
0
0
0
0
0
0
0
0
0
0
0
0
0
0
0
0
0
0
0
0
0
0
0
0
0
0
0
0
0
0
0
0
0
0
0
0
0
0
0
0
0
0
0
0
0
0
0
0
0
0
0
0
0.05657393
1.318225
0.8160316
0.2939103
0.03236983
0
0
0.001491234
1.049431
7.266475
9.953047
10.27928
11.03644
9.352899
14.46302
14.39585
15.7453
12.03269
9.470671
13.89518
17.90957
28.66336
43.34265
62.27826
100.1643
123.8898
146.1072
168.7062
212.9625
354.8038
563.4729
772.327
1077.896
1267.439
1341.752
1351.652
1358.39
1309.601
1278.307
1274.117
1296.944
1286.307
1204.836
949.1005
684.2951
429.2351
252.0925
184.9373
160.1791
145.0958
114.4623
80.07292
46.85573
32.8433
25.72327
15.80882
9.671689
5.600873
12.38083
18.56424
17.41409
15.74295
15.92941
15.46824
11.81502
6.886746
7.571253
4.776303
2.642117
1.24841
0.1515921
0
0
0
0
0
0
0
0
0
0
0
0
0
0
0
0
0
0
0
0
0
0
0
0
0
0
0
0
0
0
0
0
0
0
0
0
0
0
0
0
0
0
0
0
0
0
0
0
0
0
0
0
0
0
0
0
0
3.148408
5.183699
4.490354
4.370956
3.372558
1.807677
2.826247
4.281665
12.04418
21.7277
28.69585
29.00462
21.51142
21.34367
20.88111
20.90756
18.32094
12.76756
8.176842
8.495106
9.47468
23.2119
37.46265
63.99652
102.7972
113.5467
128.9956
144.7709
190.9845
357.4229
560.4969
745.1288
971.2624
1111.216
1154.379
1155.006
1157.044
1133.22
1101.408
1085.615
1091.038
1097.76
1071.002
883.0197
688.3618
449.0783
251.4261
170.196
132.9277
129.794
114.1104
84.61306
50.51582
33.22765
17.30249
10.18938
10.0262
9.005513
13.40997
18.36469
18.51391
18.91455
26.10384
26.52461
28.90586
23.96304
24.96911
19.53519
13.18364
8.647357
3.89584
0.4577546
0
0
0
0
0
0
0
0
0
0
0
0
0
0
0
0
0
0
0
0
0
0
0
0
0
0
0
0
0
0
0
0
0
0
0
0
0
0
0
0
0
0
0
0
0
0
0
0
0
0
0
0
0
0
0
0
0
0
0
0
0
0
0.1281246
1.692789
16.34764
20.00335
27.59769
26.70748
14.46981
7.130243
7.99967
7.710011
4.702695
0.8476794
0.5249973
0.3400672
1.218879
16.38839
31.2705
59.11717
91.42406
97.20775
102.5968
119.7318
180.5547
358.0603
545.1937
700.2662
871.571
968.7204
1007.525
1002.932
1022.818
1016.62
980.1546
947.5863
938.6214
942.9102
951.072
826.5391
668.0183
455.8242
247.3142
159.1384
112.9209
106.0214
101.9247
81.22826
52.41505
30.93535
10.64074
1.562427
0.4560272
0.1914096
3.315425
6.664749
4.93303
7.465832
10.18507
15.57757
16.32271
22.75975
23.20159
18.63711
16.22237
8.272658
2.198583
0.1998758
0
0
0
0
0
0
0
0
0
0
0
0
0
0
0
0
0
0
0
0
0
0
0
0
0
0
0
0
0
0
0
0
0
0
0
0
0
0
0
0
0
0
0
0
0
0
0
0
0
0
0
0
0
0
0
0
0
0
0
0
0
0
0.6616597
6.257545
9.027519
16.9868
16.08101
11.33117
4.740336
1.063043
2.463648
3.706979
3.332679
0.4633539
0
0
0.8385741
17.2589
30.63771
58.49121
80.52927
81.6842
85.15793
113.2376
186.1704
364.1525
521.8391
645.9544
766.1567
817.459
853.2826
872.6542
898.4394
911.6044
884.8848
841.7877
806.1424
798.5534
806.5274
749.249
632.2198
452.1833
260.1938
160.8965
104.1549
86.27413
81.20913
74.45337
53.23596
34.02694
14.18783
2.255027
0.2923154
0.06979009
0.006464171
0.149211
0.2108762
0.1433992
0.8631174
3.293496
8.018496
13.41749
15.63592
15.91971
15.04173
10.21933
2.893738
0.2574969
0
0
0
0
0
0
0
0
0
0
0
0
0
0
0
0
0
0
0
0
0
0
0
0
0
0
0
0
0
0
0
0
0
0
0
0
0
0
0
0
0
0
0
0
0
0
0
0
0
0
0
0
0
0
0
0
0
0
0
0
0
0
0
0
4.70829
6.496851
6.414467
2.490715
4.089275
1.843825
1.406668
4.281168
4.809699
0.6880927
0
1.836415
7.852699
22.53176
30.09824
52.04948
64.92558
62.65511
76.42073
119.9635
201.7631
368.0902
494.6945
582.9575
661.2044
694.1713
721.9629
756.6425
809.6058
837.6906
812.332
771.4034
713.0598
687.2675
704.7096
671.2274
594.3346
450.3859
282.5006
182.7128
105.6474
76.87288
67.83723
59.19565
51.6121
37.01139
18.68659
8.031015
5.079735
0.686884
0
0
0
0
0
0
0
0
0.9987054
3.124839
5.820622
5.0829
3.027963
0.38804
0
0
0
0
0
0
0
0
0
0
0
0
0
0
0
0
0
0
0
0
0
0
0
0
0
0
0
0
0
0
0
0
0
0
0
0
0
0
0
0
0
0
0
0
0
0
0
0
0
0
0
0
0
0
0
0
0
0
3.411486
4.314651
4.074943
2.511637
0.3226795
0
0
0
2.625411
6.076824
6.881391
8.657476
4.149019
1.412139
0.1555683
0
0
0.001064506
5.602073
17.05616
22.88494
32.70936
38.55431
46.09145
73.23789
132.2285
208.8225
353.3383
439.7024
487.0285
531.288
547.6165
579.2537
624.3828
672.189
711.1462
686.926
653.6461
576.5569
546.3843
550.8461
545.0352
511.5603
416.7041
284.0601
195.2715
107.1824
64.0329
46.2524
37.60086
36.33713
27.63789
13.36333
6.575882
0.828512
0
0
0
0
0.04038487
0.5740316
1.072641
0.2230133
0.01000433
0
0
0
0
0
0
0
0
0
0
0
0
0
0
0
0
0
0
0
0
0
0
0
0
0
0
0
0
0
0
0
0
0
0
0
0
0
0
0
0
0
0
0
0
0
0
0
0
0
0
0
0
0
0
0
0
0
0
0
0
0
0
0
0
0
0
0
0
0
0
0
2.167129
8.978015
16.04622
12.46046
10.66592
5.582734
0.6804459
0
0
1.384146
3.84349
6.438035
14.74542
14.21256
22.38712
26.836
35.67337
76.02875
146.7823
222.2689
338.0415
390.7023
425.1125
436.1564
449.6708
471.7144
525.2828
582.8341
628.5814
612.6198
576.7375
497.9009
457.0361
452.5621
458.8289
448.4865
392.3675
285.2809
211.0429
121.9905
62.66686
38.75243
25.17544
22.1881
21.47905
14.31448
6.728189
4.668597
0.6431527
0
0
1.617329
5.316835
12.73938
14.11639
14.14471
15.46357
7.252496
2.534207
0.2830835
0
0
0
0
0
0
0
0
0
0
0
0
0
0
0
0
0
0
0
0
0
0
0
0
0
0
0
0
0
0
0
0
0
0
0
0
0
0
0
0
0
0
0
0
0
0
0
0
0
0
0
0
0
0
0
0
0
0
0
0
0
0
0
0
0
0
0
1.068553
8.706565
18.26748
18.41337
11.8788
3.618792
1.497098
0.72098
0.08815296
0
0.7155117
6.56121
6.850802
9.063321
8.809587
9.780093
14.46481
32.61705
86.10689
156.291
218.9208
294.7167
315.772
329.2241
335.2716
348.0924
381.1134
439.8811
492.9978
539.0557
526.0885
488.4665
415.1642
365.8111
348.5449
356.179
353.3434
333.386
268.8186
214.2139
129.578
66.80946
35.89867
14.90303
11.145
14.25743
10.65192
9.352782
5.268241
4.990967
0.7219957
0
0
0.7740919
5.660729
12.37031
16.9747
17.45464
17.27143
10.37292
4.316483
0.4995996
0
0
0
0
0
0
0
0
0
0
0
0
0
0
0
0
0
0
0
0
0
0
0
0
0
0
0
0
0
0
0
0
0
0
0
0
0
0
0
0
0
0
0
0
0
0
0
0
0
0
0
0
0
0
0
0
0
0
0
0
0
0
0
0
0.2102987
1.50566
8.569158
12.21415
14.88165
13.78932
5.16243
0.7086805
0.5047383
0.8500613
0.2153425
0.1678556
0.8843241
5.010252
8.100632
6.279798
4.538174
6.082701
15.76546
39.91859
91.89786
155.2173
201.1095
251.917
258.8864
261.947
265.9234
282.8055
317.8667
376.7713
434.3798
473.3488
469.3355
443.925
365.7585
311.6888
288.165
282.1653
284.1887
275.5941
241.0714
205.9073
136.195
78.35083
41.79864
15.66667
6.877648
5.38831
7.122581
9.293358
8.535196
6.216608
2.196154
1.615499
3.790726
1.767114
2.710479
5.860213
9.932346
10.64344
13.80498
11.81705
11.71412
5.038124
0.5609677
0.00025678
0
0
0
0
0
0
0
0
0
0
0
0
0
0
0
0
0
0
0
0
0
0
0
0
0
0
0
0
0
0
0
0
0
0
0
0
0
0
0
0
0
0
0
0
0
0
0
0
0
0
0
0
0
0
0
0
0
0
0
0
0
0
0.5794711
2.723435
5.605724
5.918906
1.713627
0.3353693
0.253425
0.8582124
1.021031
0.6108429
0.3933428
0.6950657
2.850648
2.495152
0.9289386
0.8035206
1.149123
1.959145
20.51314
48.53606
92.12525
138.5652
167.9099
197.3056
188.1339
195.4785
210.6162
229.4225
273.0574
328.9526
383.5247
417.1644
415.8048
394.6421
328.5471
267.8939
234.8008
215.9535
211.3818
210.7448
194.6731
175.1495
126.2173
80.02772
47.0495
18.25871
5.680477
2.079899
0.59272
1.614482
1.09052
0.3071881
0.1242004
0.1435653
0.02125243
0
0
0.03316643
0.8582589
0.8258408
3.099339
3.297797
5.712779
3.177602
1.299456
0.1525613
0
0
0
0
0
0
0
0
0
0
0
0
0
0
0
0
0
0
0
0
0
0
0
0
0
0
0
0
0
0
0
0
0
0
0
0
0
0
0
0
0
0
0
0
0
0
0
0
0
0
0
0
0
0
0
0
0
0
0
0
0
0
0
0
0.1325094
0.7095015
1.087613
0.3591459
0.03282586
0
0
0
0
0
0
0
0
0
0.5974763
6.744819
29.82455
54.19142
88.56224
119.1876
133.2199
144.6325
137.6471
144.5662
165.691
192.5281
240.6732
300.0448
347.0078
378.164
378.2382
347.5208
282.9973
236.2413
199.9222
166.2434
152.3963
161.5246
155.1367
145.3107
112.7812
82.40921
51.63551
24.21597
8.561639
3.260178
0.3863389
0
0
0
0
0
0
0
0
0
0
0
0
0.261526
0.4591534
1.936171
0.5080738
0.03282586
0
0
0
0
0
0
0
0
0
0
0
0
0
0
0
0
0
0
0
0
0
0
0
0
0
0
0
0
0
0
0
0
0
0
0
0
0
0
0
0
0
0
0
0
0
0
0
0
0
0
0
0
0
0
0
0
0
0
0
0
0
0
0
0
0
0
0
0
0
0
0
0
0
0
0
0
0.5685602
4.334339
8.650231
14.17748
35.47168
54.83879
79.19997
94.04014
98.27936
103.0693
97.11051
105.0806
133.2157
160.8402
205.4088
264.6665
304.6424
336.1451
335.1891
304.679
256.4598
208.7515
166.2717
126.4709
111.3179
114.6644
112.481
106.8989
92.04281
77.23202
56.62547
31.37821
14.51211
5.481493
1.171279
0.232366
0.3008096
0.4604534
0.4832535
0.141144
0.1640069
2.278283
2.199685
1.8425
1.309895
1.205569
0.1716177
0
0
0
0
0
0
0
0
0
0.5510798
0.6603776
1.228783
0.534763
0.0576174
0
0
0
0
0
0
0
0
0
0
0
0
0
0
0
0
0
0
0
0
0
0
0
0
0
0
0
0
0
0
0
0
0
0
0
0
0
0
0
0
0
0
0
0
0
0
0
0
0
0
0
0
0
0
0
0
3.542856
6.107427
6.228102
5.513325
3.899347
3.680375
0.5263638
0
0
0
0
0.04540275
5.789932
12.39838
22.46868
41.09499
51.64675
65.48909
70.80449
68.92394
67.05411
63.83539
77.90478
111.4817
144.9214
179.9104
228.9187
262.823
283.4526
285.4156
266.8196
223.4724
184.1973
135.5692
99.6092
78.85834
70.61888
76.33799
78.12508
75.27263
64.80289
53.22901
39.95958
23.09872
11.46157
1.419183
0
0
0
0
0
2.925446
3.198223
3.562971
6.911503
4.988259
6.228048
4.971837
0.67363
0
0
0
0
0
0
0
0
0
0.2581433
0.1754841
0.02207197
0
0
0
0
0
0
0
0
0
0
0
0
0
0
0
0
0
0
0
0
0
0
0
0
0
0
0
0
0
0
0
0
0
0
0
0
0
0
0
0
0
0
0
0
0
0
0
0
0
0
0
0
0
0
0
0
0
0.007779165
0.6337088
0.5822631
0.08723633
0.001296116
0
0
0
0
0
0
0.01225822
7.292392
13.45036
23.51441
34.11576
36.57021
44.58105
43.07815
39.66118
37.84886
43.67315
60.56457
91.01256
121.2886
160.9576
194.5677
226.8629
245.3989
244.2193
230.4084
193.9213
155.1091
116.3039
76.78245
52.67482
46.59971
44.2379
48.93015
46.34612
44.86472
41.28628
32.51814
19.52308
11.61224
1.833842
0.05290627
0
0
0
0
0
0
0
0
0
0
0
0
0
0
0
0
0
0
0
0
0
0
0
0
0
0
0
0
0
0
0
0
0
0
0
0
0
0
0
0
0
0
0
0
0
0
0
0
0
0
0
0
0
0
0
0
0
0
0
0
0
0
0
0
0
0
0
0
0
0
0
0
0
0
0
0
0
0
0
0
0
0
0
0
0
0
0
0
0
0
0
0
0
3.622556
11.03781
18.18407
22.77175
21.08765
18.21708
15.95085
13.69753
17.03317
26.6124
43.69891
74.5893
103.0351
133.8143
166.1668
183.8605
201.8708
199.8968
187.663
164.2061
130.9467
96.59423
61.39592
38.0329
26.60796
19.53172
20.92387
23.61272
24.18773
24.47707
18.77341
14.53364
10.27601
2.145226
0.1276132
0
0
0
0
0
0
0
0
0
0
0
0
0
0
0
0
0
0
0
0
0
0
0
0
0
0
0
0
0
0
0
0
0
0
0
0
0
0
0
0
0
0
0
0
0
0
0
0
0
0
0
0
0
0
0
0
0
0
0
0
0
0
0
0
0
0
0
0
0
0
0
0
0
0
0
0
0.140505
1.129383
1.290243
1.257792
0.1788635
0
0
0
0
0
0
0
0
0
0
0
0.8069455
0.7256449
6.816222
10.93519
11.81677
9.999576
8.65869
7.763839
3.989553
14.82805
27.48166
39.53347
68.39503
96.21239
120.0737
141.578
161.2316
168.8251
167.2662
158.692
134.8169
115.5469
88.60167
55.29434
31.23105
17.71669
11.51152
9.453914
8.826366
13.57963
14.82175
12.09741
8.211113
6.631881
1.629244
0.1176474
0
0
0
0
0
0
0
0
0
0
0
0
0
0
0
0
0
0
0
0
0
0
0
0
0
0
0
0
0
0
0
0
0
0
0
0
0
0
0
0
0
0
0
0
0
0
0
0
0
0
0
0
0
0
0
0
0
0
0
0
0
0
0
0
0
0
0
0
0
0
0
0
0
0
0
0
0
0.3573152
0.5688086
0.08485221
0
0
0
0
0
0
0
0
0
0
0
0
0.1547023
0.9483047
1.726354
0.7821191
2.261559
1.231454
0.6034232
1.696923
1.496151
11.35702
20.36423
33.26112
57.45094
75.0539
94.48622
117.8845
130.6589
137.3215
131.1416
130.0098
112.0067
94.75773
68.0846
46.64399
27.29508
17.26505
5.584653
0.9565167
0.5772481
0.5036401
2.441711
3.481219
3.997048
1.401517
0.136827
0
0
0
0
0
0
0
0
0
0
0
0
0
0
0
0
0
0
0
0
0
0
0
0
0
0
0
0
0
0
0
0
0
0
0
0
0
0
0
0
0
0
0
0
0
0
0
0
0
0
0
0
0
0
0
0
0
0
0
0
0
0
0
0
0
0
0
0
0
0
0
0
0
0
0
0
0
0
0
0
0
0
0
0
0
0
0
0
0
0
0
0
0
0
0
0
0
0
0
0
0.006013782
4.231758
14.41494
23.80653
35.07882
53.62
68.97005
85.57576
98.53522
106.1656
113.64
113.532
107.0761
91.92142
79.22052
61.85417
43.56015
28.0968
18.08145
8.073007
2.083915
0.1895862
0
0
0
0
0
0
0
0
0
0
0
0
0
0
0
0
0
0
0
0
0
0
0
0
0
0
0
0
0
0
0
0
0
0
0
0
0
0
0
0
0
0
0
0
0
0
0
0
0
0
0
0
0
0
0
0
0
0
0
0
0
0
0
0
0
0
0
0
0
0
0
0
0
0
0
0
0
0
0
0
0
0
0
0
0
0
0
0
0
0
0
0
0
0
0
0
0
0
0
0
0
0
0
0
0
0
0.0665929
0.658543
11.79372
19.93091
28.75996
39.60732
49.95769
60.35119
66.75593
72.58641
77.95195
74.88128
73.22202
65.41048
58.74983
43.2773
32.787
19.01237
13.84183
5.18633
1.505826
0.1597488
0
0
0
0
0
0
0
0
0
0
0
0
0
0
0
0
0
0
0
0
0
0
0
0
0
0
0
0
0
0
0
0
0
0
0
0
0
0
0
0
0
0
0
0
0
0
0
0
0
0
0
0
0
0
0
0
0
0
0
0
0
0
0
0
0
0
0
0
0
0
0
0
0
0
0
0
0
0
0
0
0
0
0
0
0
0
0
0
0
0
0
0
0
0
0
0
0
0
0
0
0
0
0
0
0
0
0
5.120237
14.16233
16.29445
18.25507
26.23511
32.90632
37.72565
45.02566
46.81896
50.38574
52.1539
49.34726
42.58056
37.91089
31.4279
23.41347
17.33955
11.19405
3.167493
0.6688285
0.0643665
0
0
0
0
0
0
0
0
0
0
0
0
0
0
0
0
0
0
0
0
0
0
0
0
0
0
0
0
0
0
0
0
0
0
0
0
0
0
0
0
0
0
0
0
0
0
0
0
0
0
0
0
0
0
0
0
0
0
0
0
0
0
0
0
0
0
0
0
0
0
0
0
0
0
0
0
0
0
0
0
0
0
0
0
0
0
0
0
0
0
0
0
0
0
0
0
0
0
0
0
0
0
0
0
0
0
2.804113
4.909125
8.491211
13.176
16.5672
19.92913
19.66044
27.15502
27.6218
27.86543
34.69855
31.91563
27.74994
28.2871
21.32249
18.30283
15.87521
11.72714
8.42054
1.138968
0
0
0
0
0
0
0
0
0
0
0
0
0
0
0
0
0
0
0
0
0
0
0
0
0
0
0
0
0
0
0
0
0
0
0
0
0
0
0
0
0
0
0
0
0
0
0
0
0
0
0
0
0
0
0
0
0
0
0
0
0
0
0
0
0
0
0
0
0
0
0
0
0
0
0
0
0
0
0
0
0
0
0
0
0
0
0
0
0
0
0
0
0
0
0
0
0
0
0
0
0
0
0
0
0
0
0
0
0
0
2.511192
5.701296
7.328724
9.895348
12.98122
14.89113
18.53439
18.84448
20.20155
20.5714
19.92251
16.90676
15.01033
9.343473
5.093935
2.736349
0.8323847
0.08071168
0
0
0
0
0
0
0
0
0
0
0
0
0
0
0
0
0
0
0
0
0
0
0
0
0
0
0
0
0
0
0
0
0
0
0
0
0
0
0
0
0
0
0
0
0
0
0
0
0
0
0
0
0
0
0
0
0
0
0
0
0
0
0
0
0
0
0
0
0
0
0
0
0
0
0
0
0
0
0
0
0
0
0
0
0
0
0
0
0
0
0
0
0
0
0
0
0
0
0
0
0
0
0
0
0
0
0
0
0
2.986093
5.342403
4.975441
5.488725
9.701109
11.92649
14.29328
12.36629
15.15054
16.21318
11.28639
13.88026
11.74784
10.60924
7.399069
8.065056
1.854124
0.1123253
0
0
0
0
0
0
0
0
0
0
0
0
0
0
0
0
0
0
0
0
0
0
0
0
0
0
0
0
0
0
0
0
0
0
0
0
0
0
0
0
0
0
0
0
0
0
0
0
0
0
0
0
0
0
0
0
0
0
0
0
0
0
0
0
0
0
0
0
0
0
0
0
0
0
0
0
0
0
0
0
0
0
0
0
0
0
0
0
0
0
0
0
0
0
0
0
0
0
0
0
0
0
0
0
0
0
0
0
0
0
0
0
0.28871
1.295472
4.189464
2.429592
5.44371
8.21406
7.391924
8.534657
5.078447
3.631105
3.683905
1.802772
1.984485
1.252588
0.4482025
0.04810306
0
0
0
0
0
0
0
0
0
0
0
0
0
0
0
0
0
0
0
0
0
0
0
0
0
0
0
0
0
0
0
0
0
0
0
0
0
0
0
0
0
0
0
0
0
0
0
0
0
0
0
0
0
0
0
0
0
0
0
0
0
0
0
0
0
0
0
0
0
0
0
0
0
0
0
0
0
0
0
0
0
0
0
0
0
0
0
0
0
0
0
0
0
0
0
0
0
0
0
0
0
0
0
0
0
0
0
0
0
0
0
0
0
0
0
0.009978239
0.02135597
0.02297466
0.01325944
0.02621358
0.01406879
0.001662512
0
0
0
0
0
0
0
0
0
0
0
0
0
0
0
0
0
0
0
0
0
0
0
0
0
0
0
0
0
0
0
0
0
0
0
0
0
0
0
0
0
0
0
0
0
0
0
0
0
0
0
0
0
0
0
0
0
0
0
0
0
0
0
0
0
0
0
0
0
0
0
0
0
0
0
0
0
0
0
0
0
0
0
0
0
0
0
0
0
0
0
0
0
0
0
0
0
0
0
0
0
0
0
0
0
0
0
0
0
0
0
0
0
0
0
0
0
0
0
0
0
0
0
0
0
0
0
0
0
0
0
0
0
0
0
0
0
0
0
0
0
0
0
0
0
0
0
0
0
0
0
0
0
0
0
0
0
0
0
0
0
0
0
0
0
0
0
0
0
0
0
0
0
0
0
0
0
0
0
0
0
0
0
0
0
0
0
0
0
0
0
0
0
0
0
0
0
0
0
0
0
0
0
0
0
0
0
0
0
0
0
0
0
0
0
0
0
0
0
0
0
0
0
0
0
0
0
0
0
0
0
0
0
0
0
0
0
0
0
0
0
0
0
0
0
0
0
0
0
0
0
0
0
0
0
0
0
0
0
0
0
0
0
0
0
0
0
0
0
0
0
0
0
0
0
0
0
0
0
0
0
0
0
0
0
0
0
0
0
0
0
0
0
0
0
0
0
0
0
0
0
0
0
0
0
0
0
0
0
0
0
0
0
0
0
0
0
0
0
0
0
0
0
0
0
0
0
0
0
0
0
0
0
0
0
0
0
0
0
0
0
0
0
0
0
0
0
0
0
0
0
0
0
0
0
0
0
0
0
0
0
0
0
0
0
0
0
0
0
0
0
0
0
0
0
0
0
0
0
0
0
0
0
0
0
0
0
0
0
0
0
0
0
0
0
0
0
0
0
0
0
0
0
0
0
0
0
0
0
0
0
0
0
0
0
0
0
0
0
0
0
0
0
0
0
0
0
0
0
0
0
0
0
0
0
0
0
0
0
0
0
0
0
0
0
0
0
0
0
0
0
0
0
0
0
0
0
0
0
0
0
0
0
0
0
0
0
0
0
0
0
0
0
0
0
0
0
0
0
0
0
0
0
0
0
0
0
0
0
0
0
0
0
0
0
0
0
0
0
0
0
0
0
0
0
0
0
0
0
0
0
0
0
0
0
0
0
0
0
0
0
0
0
0
0
0
0
0
0
0
0
0
0
0
0
0
0
0
0
0
0
0
0
0
0
0
0
0
0
0
0
0
0
0
0
0
0
0
0
0
0
0
0
0
0
0
0
0
0
0
0
0
0
0
0
0
0
0
0
0
0
0
0
0
0
0
0
0
0
0
0
0
0
0
0
0
0
0
0
0
0
0
0
0
0
0
0
0
0
0
0
0
0
0
0
0
0
0
0
0
0
0
0
0
0
0
0
0
0
0
0
0
0
0
0
0
0
0
0
0
0
0
0
0
0
0
0
0
0
0
0
0
0
0
0
0
0
0
0
0
0
0
0
0
0
0
0
0
0
0
0
0
0
0
0
0
0
0
0
0
0
0
0
0
0
0
0
0
0
0
0
0
0
0
0
0
0
0
0
0
0
0
0
0
0
0
0
0
0
0
0
0
0
0
0
0
0
0
0
0
0
0
0
0
0
0
0
0
0
0
0
0
0
0
0
0
0
0
0
0
0
0
0
0
0
0
0
0
0
0
0
0
0
0
0
0
0
0
0
0
0
0
0
0
0
0
0
0
0
0
0
0
0
0
0
0
0
0
0
0
0
0
0
0
0
0
0
0
0
0
0
0
0
0
0
0
0
0
0
0
0
0
0
0
0
0
0
0
0
0
0
0
0
0
0
0
0
0
0
0
0
0
0
0
0
0
0
0
0
0
0
0
0
0
0
0
0
0
0
0
0
0
0
0
0
0
0
0
0
0
0
0
0
0
0
0
0
0
0
0
0
0
0
0
0
0
0
0
0
0
0
0
0
0
0
0
0
0
0
0
0
0
0
0
0
0
0
0
0
0
0
0
0
0
0
0
0
0
0
0
0
0
0
0
0
0
0
0
0
0
0
0
0
0
0
0
0
0
0
0
0
0
0
0
0
0
0
0
0
0
0
0
0
0
0
0
0
0
0
0
0
0
0
0
0
0
0
0
0
0
0
0
0
0
0
0
0
0
0
0
0
0
0
0
0
0
0
0
0
0
0
0
0
0
0
0
0
0
0
0
0
0
0
0
0
0
0
0
0
0
0
0
0
0
0
0
0
0
0
0
0
0
0
0
0
0
0
0
0
0
0
0
0
0
0
0
0
0
0
0
0
0
0
0
0
0
0
0
0
0
0
0
0
0
0
0
0
0
0
0
0
0
0
0
0
0
0
0
0
0
0
0
0
0
0
0
0
0
0
0
0
0
0
0
0
0
0
0
0
0
0
0
0
0
0
0
0
0
0
0
0
0
0
0
0
0
0
0
0
0
0
0
0
0
0
0
0
0
0
0
0
0
0
0
0
0
0
0
0
0
0
0
0
0
0
0
0
0
0
0
0
0
0
0
0
0
0
0
0
0
0
0
0
0
0
0
0
0
0
0
0
0
0
0
0
0
0
0
0
0
0
0
0
0
0
0
0
0
0
0
0
0
0
0
0
0
0
0
0
0
0
0
0
0
0
0
0
0
0
0
0
0
0
0
0
0
0
0
0
0
0
0
0
0
0
0
0
0
0
0
0
0
0
0
0
0
0
0
0
0
0
0
0
0
0
0
0
0
0
0
0
0
0
0
0
0
0
0
0
0
0
0
0
0
0
0
0
0
0
0
0
0
0
0
0
0
0
0
0
0
0
0
0
0
0
0
0
0
0
0
0
0
0
0
0
0
0
0
0
0
0
0
0
0
0
0
0
0
0
0
0
0
0
0
0
0
0
0
0
0
0
0
0
0
0
0
0
0
0
0
0
0
0
0
0
0
0
0
0
0
0
0
0
0
0
0
0
0
0
0
0
0
0
0
0
0
0
0
0
0
0
0
0
0
0
0
0
0
0
0
0
0
0
0
0
0
0
0
0
0
0
0
0
0
0
0
0
0
0
0
0
0
0
0
0
0
0
0
0
0
0
0
0
0
0
0
0
0
0
0
0
0
0
0
0
0
0
0
0
0
0
0
0
0
0
0
0
0
0
0
0
0
0
0
0
0
0
0
0
0
0
0
0
0
0
0
0
0
0
0
0
0
0
0
0
0
0
0
0
0
0
0
0
0
0
0
0
0
0
0
0
0
0
0
0
0
0
0
0
0
0
0
0
0
0
0
0
0
0
0
0
0
0
0
0
0
0
0
0
0
0
0
0
0
0
0
0
0
0
0
0
0
0
0
0
0
0
0
0
0
0
0
0
0
0
0
0
0
0
0
0
0
0
0
0
0
0
0
0
0
0
0
0
0
0
0
0
0
0
0
0
0
0
0
0
0
0
0
0
0
0
0
0
0
0
0
0
0
0
0
0
0
0
0
0
0
0
0
0
0
0
0
0
0
0
0
0
0
0
0
0
0
0
0
0
0
0
0
0
0
0
0
0
0
0
0
0
0
0
0
0
0
0
0
0
0
0
0
0
0
0
0
0
0
0
0
0
0
0
0
0
0
0
0
0
0
0
0
0
0
0
0
0
0
0
0
0
0
0
0
0
0
0
0
0
0
0
0
0
0
0
0
0
0
0
0
0
0
0
0
0
0
0
0
0
0
0
0
0
0
0
0
0
0
0
0
0
0
0
0
0
0
0
0
0
0
0
0
0
0
0
0
0
0
0
0
0
0
0
0
0
0
0
0
0
0
0
0
0
0
0
0
0
0
0
0
0
0
0
0
0
0
0
0
0
0
0
0
0
0
0
0
0
0
0
0
0
0
0
0
0
0
0
0
0
0
0
0
0
0
0
0
0
0
0
0
0
0
0
0
0
0
0
0
0
0
0
0
0
0
0
0
0
0
0
0
0
0
0
0
0
0
0
0
0
0
0
0
0
0
0
0
0
0
0
0
0
0
0
0
0
0
0
0
0
0
0
0
0
0
0
0
0
0
0
0
0
0
0
0
0
0
0
0
0
0
0
0
0
0
0
0
0
0
0
0
0
0
0
0
0
0
0
0
0
0
0
0
0
0
0
0
0
0
0
0
0
0
0
0
0
0
0
0
0
0
0
0
0
0
0
0
0
0
0
0
0
0
0
0
0
0
0
0
0
0
0
0
0
0
0
0
0
0
0
0
0
0
0
0
0
0
0
0
0
0
0
0
0
0
0
0
0
0
0
0
0
0
0
0
0
0
0
0
0
0
0
0
0
0
0
0
0
0
0
0
0
0
0
0
0
0
0
0
0
0
0
0
0
0
0
0
0
0
0
0
0
0
0
0
0
0
0
0
0
0
0
0
0
0
0
0
0
0
0
0
0
0
0
0
0
0
0
0
0
0
0
0
0
0
0
0
0
0
0
0
0
0
0
0
0
0
0
0
0
0
0
0
0
0
0
0
0
0
0
0
0
0
0
0
0
0
0
0
0
0
0
0
0
0
0
0
0
0
0
0
0
0
0
0
0
0
0
0
0
0
0
0
0
0
0
0
0
0
0
0
0
0
0
0
0
0
0
0
0
0
0
0
0
0
0
0
0
0
0
0
0
0
0
0
0
0
0
0
0
0
0
0
0
0
0
0
0
0
0
0
0
0
0
0
0
0
0
0
0
0
0
0
0
0
0
0
0
0
0
0
0
0
0
0
0
0
0
0
0
0
0
0
0
0
0
0
0
0
0
0
0
0
0
0
0
0
0
0
0
0
0
0
0
0
0
0
0
0
0
0
0
0
0
0
0
0
0
0
0
0
0
0
0
0
0
0
0
0
0
0
0
0
0
0
0
0
0
0
0
0
0
0
0
0
0
0
0
0
0
0
0
0
0
0
0
0
0
0
0
0
0
0
0
0
0
0
0
0
0
0
0
0
0
0
0
0
0
0
0
0
0
0
0
0
0
0
0
0
0
0
0
0
0
0
0
0
0
0
0
0
0
0
0
0
0
0
0
0
0
0
0
0
0
0
0
0
0
0
0
0
0
0
0
0
0
0
0
0
0
0
0
0
0
0
0
0
0
0
0
0
0
0
0
0
0
0
0
0
0
0
0
0
0
0
0
0
0
0
0
0
0
0
0
0
0
0
0
0
0
0
0
0
0
0
0
0
0
0
0
0
0
0
0
0
0
0
0
0
0
0
0
0
0
0
0
0
0
0
0
0
0
0
0
0
0
0
0
0
0
0
0
0
0
0
0
0
0
0
0
0
0
0
0
0
0
0
0
0
0
0
0
0
0
0
0
0
0
0
0
0
0
0
0
0
0
0
0
0
0
0
0
0
0
0
0
0
0
0
0
0
0
0
0
0
0
0
0
0
0
0
0
0
0
0
0
0
0
0
0
0
0
0
0
0
0
0
0
0
0
0
0
0
0
0
0
0
0
0
0
0
0
0
0
0
0
0
0
0
0
0
0
0
0
0
0
0
0
0
0
0
0
0
0
0
0
0
0
0
0
0
0
0
0
0
0
0
0
0
0
0
0
0
0
0
0
0
0
0
0
0
0
0
0
0
0
0
0
0
0
0
0
0
0
0
0
0
0
0
0
0
0
0
0
0
0
0
0
0
0
0
0
0
0
0
0
0
0
0
0
0
0
0
0
0
0
0
0
0
0
0
0
0
0
0
0
0
0
0
0
0
0
0
0
0
0
0
0
0
0
0
0
0
0
0
0
0
0
0
0
0
0
0
0
0
0
0
0
0
0
0
0
0
0
0
0
0
0
0
0
0
0
0
0
0
0
0
0
0
0
0
0
0
0
0
0
0
0
0
0
0
0
0
0
0
0
0
0
0
0
0
0
0
0
0
0
0
0
0
0
0
0
0
0
0
0
0
0
0
0
0
0
0
0
0
0
0
0
0
0
0
0
0
0
0
0
0
0
0
0
0
0
0
0
0
0
0
0
0
0
0
0
0
0
0
0
0
0
0
0
0
0
0
0
0
0
0
0
0
0
0
0
0
0
0
0
0
0
0
0
0
0
0
0
0
0
0
0
0
0
0
0
0
0
0
0
0
0
0
0
0
0
0
0
0
0
0
0
0
0
0
0
0
0
0
0
0
0
0
0
0
0
0
0
0
0
0
0
0
0
0
0
0
0
0
0
0
0
0
0
0
0
0
0
0
0
0
0
0
0
0
0
0
0
0
0
0
0
0
0
0
0
0
0
0
0
0
0
0
0
0
0
0
0
0
0
0
0
0
0
0
0
0
0
0
0
0
0
0
0
0
0
0
0
0
0
0
0
0
0
0
0
0
0
0
0
0
0
0
0
0
0
0
0
0
0
0
0
0
0
0
0
0
0
0
0
0
0
0
0
0
0
0
0
0
0
0
0
0
0
0
0
0
0
0
0
0
0
0
0
0
0
0
0
0
0
0
0
0
0
0
0
0
0
0
0
0
0
0
0
0
0
0
0
0
0
0
0
0
0
0
0
0
0
0
0
0
0
0
0
0
0
0
0
0
0
0
0
0
0
0
0
0
0
0
0
0
0
0
0
0
0
0
0
0
0
0
0
0
0
0
0
0
0
0
0
0
0
0
0
0
0
0
0
0
0
0
0
0
0
0
0
0
0
0
0
0
0
0
0
0
0
0
0
0
0
0
0
0
0
0
0
0
0
0
0
0
0
0
0
0
0
0
0
0
0
0
0
0
0
0
0
0
0
0
0
0
0
0
0
0
0
0
0
0
0
0
0
0
0
