-320  0  3.65947E-6  0  4.559086E-8  461.5338
-315  0  3.514113E-6  0  5.326361E-8  460.427
-310  0  3.157371E-6  0  6.385056E-8  459.3255
-305  0  2.728665E-6  0  7.889622E-8  458.2293
-300  0  2.399504E-6  0  1.000454E-7  457.1383
-295  0  2.238698E-6  0  1.281067E-7  456.0524
-290  0  2.174317E-6  0  1.666397E-7  454.9718
-285  0  2.109285E-6  0  2.167001E-7  453.8962
-280  0  2.049859E-6  0  2.897267E-7  452.8257
-275  0  2.084659E-6  0  4.091997E-7  451.7602
-270  0  2.279101E-6  0  6.382455E-7  450.6998
-265  0  2.650973E-6  0  1.117392E-6  449.6443
-260  0  3.224039E-6  0  2.131659E-6  448.5937
-255  0  4.058822E-6  0  4.435883E-6  447.548
-250  0  5.210861E-6  0  9.628344E-6  446.5072
-245  0  6.649085E-6  0  2.071142E-5  445.4713
-240  0  8.258506E-6  0  4.311223E-5  444.4401
-235  0  1.003491E-5  0  8.614764E-5  443.4137
-230  0  1.23046E-5  0  0.0001659472  442.392
-225  0  1.563961E-5  0  0.0003073618  441.375
-220  0  2.057277E-5  0  0.0005415484  440.3627
-215  0  2.752038E-5  0  0.0009010095  439.355
-210  0  3.691248E-5  0  0.001420584  438.3519
-205  0  4.934532E-5  1.573007E-6  0.0021398  437.3534
-200  0  6.57115E-5  0.0008039515  0.003089211  436.3595
-195  0  8.713563E-5  0.00236842  0.004271688  435.37
-190  0  0.0001144792  0.002932321  0.005675344  434.385
-185  2.800869E-5  0.0001482034  0.00537699  0.00731237  433.4045
-180  5.682103E-5  0.0001906139  0.008260194  0.009235394  432.4283
-175  7.618644E-5  0.0002492663  0.01205  0.01155387  431.4566
-170  7.8473E-5  0.0003346843  0.01716381  0.01448621  430.4892
-165  8.648613E-5  0.0004519548  0.0198961  0.01834067  429.5261
-160  0.0002251724  0.0006017419  0.02632287  0.02332075  428.5674
-155  0.0005515641  0.0007983785  0.03214221  0.02936926  427.6129
-150  0.0009919169  0.001080499  0.04275675  0.03633796  426.6627
-145  0.001967962  0.001493777  0.05443278  0.04432678  425.7166
-140  0.002782317  0.002073267  0.06448886  0.0537075  424.7748
-135  0.004289132  0.002856029  0.07643486  0.06482705  423.8371
-130  0.00464735  0.003898538  0.09022781  0.07782184  422.9036
-125  0.005440548  0.005266852  0.1092751  0.0926575  421.9741
-120  0.007798778  0.007019664  0.1263032  0.1091905  421.0487
-115  0.01016324  0.009212547  0.1503676  0.1273098  420.1274
-110  0.01286173  0.01193153  0.1700407  0.1473444  419.2101
-105  0.01713851  0.01535459  0.2029254  0.1701854  418.2968
-100  0.02146342  0.01978671  0.2256869  0.1965094  417.3875
-95  0.02818866  0.02560375  0.2550266  0.2257931  416.4821
-90  0.03488443  0.03320267  0.2885698  0.2567126  415.5806
-85  0.04293225  0.04310752  0.3201785  0.288907  414.683
-80  0.0572502  0.0560571  0.3538842  0.3237882  413.7893
-75  0.07148309  0.07278215  0.3853406  0.3629525  412.8995
-70  0.08896227  0.0937083  0.4260464  0.4058202  412.0134
-65  0.1179415  0.1191083  0.4564587  0.4497561  411.1312
-60  0.1443615  0.1495807  0.5020795  0.4927824  410.2527
-55  0.1822656  0.186227  0.5305542  0.5356337  409.378
-50  0.2283807  0.2304775  0.5775767  0.5803485  408.507
-45  0.2813201  0.2840832  0.6027957  0.6273184  407.6397
-40  0.3720206  0.3492127  0.6559069  0.6744196  406.776
-35  0.4498568  0.4278663  0.6899722  0.7193963  405.916
-30  0.5269654  0.5203432  0.7283197  0.7621494  405.0597
-25  0.6412306  0.6237216  0.7632933  0.8040656  404.2069
-20  0.7505301  0.7314906  0.805705  0.845416  403.3578
-15  0.8225655  0.8342731  0.837991  0.8843954  402.5122
-10  0.902545  0.9207993  0.8695416  0.918672  401.6701
-5  0.9671982  0.9792496  0.913826  0.9471408  400.8315
0  1  1  0.9205994  0.9698606  399.9965
5  0.9901221  0.9792496  0.9583293  0.9867493  399.1649
10  0.9493722  0.9207993  0.9723815  0.9970717  398.3368
15  0.8707075  0.8342731  0.9854459  1  397.5121
20  0.770812  0.7314906  0.9918313  0.9951923  396.6908
25  0.6662136  0.6237216  1  0.982736  395.8728
30  0.5432655  0.5203432  0.9667763  0.9628512  395.0583
35  0.4465166  0.4278663  0.9594873  0.9357876  394.2471
40  0.3670606  0.3492127  0.9447608  0.9019669  393.4392
45  0.2828077  0.2840832  0.9119845  0.8620326  392.6346
50  0.2330866  0.2304775  0.8669916  0.8166604  391.8334
55  0.1806886  0.186227  0.8187778  0.7664637  391.0353
60  0.1438577  0.1495807  0.7758962  0.7120895  390.2406
65  0.1165505  0.1191083  0.7135845  0.6543216  389.449
70  0.08663475  0.0937083  0.6420836  0.5940459  388.6606
75  0.06709006  0.07278215  0.5650948  0.5322374  387.8755
80  0.05144279  0.0560571  0.4991551  0.4699554  387.0935
85  0.03814094  0.04310752  0.4274705  0.4084308  386.3146
90  0.02898203  0.03320267  0.3618792  0.3490109  385.5389
95  0.02209876  0.02560375  0.2966981  0.2930049  384.7663
100  0.01683718  0.01978671  0.2452277  0.2415124  383.9968
105  0.01372221  0.01535459  0.1936792  0.1953659  383.2303
110  0.01067493  0.01193153  0.1543172  0.155077  382.4669
115  0.008867944  0.009212547  0.1207231  0.1207939  381.7065
120  0.007006887  0.007019664  0.09300522  0.09232843  380.9492
125  0.005539546  0.005266852  0.06814518  0.06924681  380.1948
130  0.005043293  0.003898538  0.05216023  0.05096601  379.4435
135  0.004192175  0.002856029  0.03699331  0.03681054  378.6951
140  0.003285133  0.002073267  0.02587781  0.02608101  377.9496
145  0.003313492  0.001493777  0.01725429  0.01811644  377.2071
150  0.002585639  0.001080499  0.01360966  0.01233084  376.4675
155  0.001600487  0.0007983785  0.007386728  0.008220017  375.7308
160  0.001436823  0.0006017419  0.004367649  0.005364018  374.9969
165  0.0007709512  0.0004519548  0.002450976  0.00342593  374.2659
170  0.0004233533  0.0003346843  0.0008194284  0.002142179  373.5378
175  0.0001624722  0.0002492663  0.0001969717  0.001312268  372.8125
180  4.214696E-5  0.0001906139  0  0.000787749  372.09
185  4.033762E-6  0.0001482034  0  0.0004633509  371.3703
190  0  0.0001144792  0  0.0002670222  370.6534
195  4.815947E-6  8.713563E-5  0  0.0001507085  369.9392
200  8.027056E-6  6.57115E-5  0  8.33245E-5  369.2278
205  1.227204E-5  4.934532E-5  0  4.528237E-5  368.5191
210  4.866242E-6  3.691248E-5  0  2.435374E-5  367.8131
215  5.035248E-7  2.752038E-5  0  1.314365E-5  367.1098
220  0  2.057277E-5  0  7.220491E-6  366.4093
225  0  1.563961E-5  0  4.111786E-6  365.7113
230  0  1.23046E-5  0  2.439682E-6  365.0161
235  0  1.003491E-5  0  1.513463E-6  364.3235
240  0  8.258506E-6  0  9.659353E-7  363.6335
245  0  6.649085E-6  0  6.347003E-7  362.9461
250  0  5.210861E-6  0  4.240624E-7  362.2613
255  0  4.058822E-6  0  2.90496E-7  361.579
260  0  3.224039E-6  0  2.047351E-7  360.8994
265  0  2.650973E-6  0  1.509617E-7  360.2223
270  0  2.279101E-6  0  1.172667E-7  359.5477
275  0  2.084659E-6  0  9.584082E-8  358.8757
280  0  2.049859E-6  0  8.186976E-8  358.2061
285  0  2.109285E-6  0  7.292331E-8  357.5391
290  0  2.174317E-6  0  6.703292E-8  356.8745
295  0  2.238698E-6  0  6.395551E-8  356.2124
300  0  2.399504E-6  0  6.257829E-8  355.5528
305  0  2.728665E-6  0  6.316801E-8  354.8956
310  0  3.157371E-6  0  6.528878E-8  354.2408
315  0  3.514113E-6  0  7.008082E-8  353.5884
