128  128
0.0  1599.39
351.7903
352.436
353.0842
353.7347
354.3876
355.0429
355.7007
356.3609
357.0235
357.6886
358.3562
359.0263
359.699
360.3741
361.0518
361.732
362.4148
363.1002
363.7881
364.4787
365.172
365.8678
366.5663
367.2675
367.9714
368.678
369.3873
370.0993
370.8141
371.5316
372.252
372.9751
373.701
374.4298
375.1614
375.8959
376.6333
377.3735
378.1167
378.8628
379.6119
380.3639
381.119
381.877
382.638
383.4021
384.1693
384.9395
385.7128
386.4892
387.2688
388.0515
388.8374
389.6264
390.4187
391.2142
392.013
392.815
393.6203
394.4289
395.2409
396.0562
396.8749
397.6969
398.5224
399.3513
400.1837
401.0195
401.8588
402.7017
403.5481
404.3981
405.2516
406.1088
406.9696
407.8341
408.7022
409.574
410.4496
411.3289
412.212
413.0989
413.9897
414.8842
415.7827
416.685
417.5913
418.5015
419.4157
420.3339
421.2561
422.1824
423.1128
424.0473
424.9859
425.9287
426.8756
427.8268
428.7823
429.742
430.706
431.6744
432.6471
433.6242
434.6058
435.5917
436.5822
437.5772
438.5768
439.5809
440.5896
441.603
442.621
443.6437
444.6712
445.7035
446.7405
447.7824
448.8292
449.8808
450.9374
451.999
453.0656
454.1372
455.2139
456.2958
457.3828
458.4749
-320
-315
-310
-305
-300
-295
-290
-285
-280
-275
-270
-265
-260
-255
-250
-245
-240
-235
-230
-225
-220
-215
-210
-205
-200
-195
-190
-185
-180
-175
-170
-165
-160
-155
-150
-145
-140
-135
-130
-125
-120
-115
-110
-105
-100
-95
-90
-85
-80
-75
-70
-65
-60
-55
-50
-45
-40
-35
-30
-25
-20
-15
-10
-5
0
5
10
15
20
25
30
35
40
45
50
55
60
65
70
75
80
85
90
95
100
105
110
115
120
125
130
135
140
145
150
155
160
165
170
175
180
185
190
195
200
205
210
215
220
225
230
235
240
245
250
255
260
265
270
275
280
285
290
295
300
305
310
315
0
0
0
0
0
0
0
0
0
0
0
0
0
0
0
0
0
0
0
0
0
0
0
0
0
0
0
0
0
0
0
0
0
0
0
0
0
0
0
0
0
0
0
0
0
0
0
0
0
0
0
0
0
0
0
0
0
0
0
0
0
0
0
0
0
0
0
0
0
0
0
0
0
0
0
0
0
0
0
0
0
0
0
0
0
0
0
0
0
0
0
0
0
0
0
0
0
0
0
0
0
0
0
0
0
0
0
0
0
0
0
0
0
0
0
0
0
0
0
0
0
0
0
0
0
0
0
0
0
0
0
0
0
0
0
0
0
0
0
0
0
0
0
0
0
0
0
0
0
0
0
0
0
0
0
0
0
0
0
0
0
0
0
0
0
0
0
0
0
0
0
0
0
0
0
0
0
0
0
0
0
0
0
0
0
0
0
0
0
0
0
0
0
0
0
0
0
0
0
0
0
0
0
0
0
0
0
0
0
0
0
0
0
0
0
0
0
0
0
0
0
0
0
0
0
0
0
0
0
0
0
0
0
0
0
0
0
0
0
0
0
0
0
0
0
0
0
0
0
0
0
0
0
0
0
0
0
0
0
0
0
0
0
0
0
0
0
0
0
0
0
0
0
0
0
0
0
0
0
0
0
0
0
0
0
0
0
0
0
0
0
0
0
0
0
0
0
0
0
0
0
0
0
0
0
0
0
0
0
0
0
0
0
0
0
0
0
0
0
0
0
0
0
0
0
0
0
0
0
0
0
0
0
0
0
0
0
0
0
0
0
0
0
0
0
0
0
0
0
0
0
0
0
0
0
0
0
0
0
0
0
0
0
0
0
0
0
0
0
0
0
0
0
0
0
0
0
0
0
0
0
0
0
0
0
0
0
0
0
0
0
0
0
0
0
0
0
0
0
0
0
0
0
0
0
0
0
0
0
0
0
0
0
0
0
0
0
0
0
0
0
0
0
0
0
0
0
0
0
0
0
0
0
0
0
0
0
0
0
0
0
0
0
0
0
0
0
0
0
0
0
0
0
0
0
0
0
0
0
0
0
0
0
0
0
0
0
0
0
0
0
0
0
0
0
0
0
0
0
0
0
0
0
0
0
0
0
0
0
0
0
0
0
0
0
0
0
0
0
0
0
0
0
0
0
0
0
0
0
0
0
0
0
0
0
0
0
0
0
0
0
0
0
0
0
0
0
0
0
0
0
0
0
0
0
0
0
0
0
0
0
0
0
0
0
0
0
0
0
0
0
0
0
0
0
0
0
0
0
0
0
0
0
0
0
0
0
0
0
0
0
0
0
0
0
0
0
0
0
0
0
0
0
0
0
0
0
0
0
0
0
0
0
0
0
0
0
0
0
0
0
0
0
0
0
0
0
0
0
0
0
0
0
0
0
0
0
0
0
0
0
0
0
0
0
0
0
0
0
0
0
0
0
0
0
0
0
0
0
0
0
0
0
0
0
0
0
0
0
0
0
0
0
0
0
0
0
0
0
0
0
0
0
0
0
0
0
0
0
0
0
0
0
0
0
0
0
0
0
0
0
0
0
0
0
0
0
0
0
0
0
0
0
0
0
0
0
0
0
0
0
0
0
0
0
0
0
0
0
0
0
0
0
0
0
0
0
0
0
0
0
0
0
0
0
0
0
0
0
0
0
0
0
0
0
0
0
0
0
0
0
0
0
0
0
0
0
0
0
0
0
0
0
0
0
0
0
0
0
0
0
0
0
0
0
0
0
0
0
0
0
0
0
0
0
0
0
0
0
0
0
0
0
0
0
0
0
0
0
0
0
0
0
0
0
0
0
0
0
0
0
0
0
0
0
0
0
0
0
0
0
0
0
0
0
0
0
0
0
0
0
0
0
0
0
0
0
0
0
0
0
0
0
0
0
0
0
0
0
0
0
0
0
0
0
0
0
0
0
0
0
0
0
0
0
0
0
0
0
0
0
0
0
0
0
0
0
0
0
0
0
0
0
0
0
0
0
0
0
0
0
0
0
0
0
0
0
0
0
0
0
0
0
0
0
0
0
0
0
0
0
0
0
0
0
0
0
0
0
0
0
0
0
0
0
0
0
0
0
0
0
0
0
0
0
0
0
0
0
0
0
0
0
0
0
0
0
0
0
0
0
0
0
0
0
0
0
0
0
0
0
0
0
0
0
0
0
0
0
0
0
0
0
0
0
0
0
0
0
0
0
0
0
0
0
0
0
0
0
0
0
0
0
0
0
0
0
0
0
0
0
0
0
0
0
0
0
0
0
0
0
0
0
0
0
0
0
0
0
0
0
0
0
0
0
0
0
0
0
0
0
0
0
0
0
0
0
0
0
0
0
0
0
0
0
0
0
0
0
0
0
0
0
0
0
0
0
0
0
0
0
0
0
0
0
0
0
0
0
0
0
0
0
0
0
0
0
0
0
0
0
0
0
0
0
0
0
0
0
0
0
0
0
0
0
0
0
0
0
0
0
0
0
0
0
0
0
0
0
0
0
0
0
0
0
0
0
0
0
0
0
0
0
0
0
0
0
0
0
0
0
0
0
0
0
0
0
0
0
0
0
0
0
0
0
0
0
0
0
0
0
0
0
0
0
0
0
0
0
0
0
0
0
0
0
0
0
0
0
0
0
0
0
0
0
0
0
0
0
0
0
0
0
0
0
0
0
0
0
0
0
0
0
0
0
0
0
0
0
0
0
0
0
0
0
0
0
0
0
0
0
0
0
0
0
0
0
0
0
0
0
0
0
0
0
0
0
0
0
0
0
0
0
0
0
0
0
0
0
0
0
0
0
0
0
0
0
0
0
0
0
0
0
0
0
0
0
0
0
0
0
0
0
0
0
0
0
0
0
0
0
0
0
0
0
0
0
0
0
0
0
0
0
0
0
0
0
0
0
0
0
0
0
0
0
0
0
0
0
0
0
0
0
0
0
0
0
0
0
0
0
0
0
0
0
0
0
0
0
0
0
0
0
0
0
0
0
0
0
0
0
0
0
0
0
0
0
0
0
0
0
0
0
0
0
0
0
0
0
0
0
0
0
0
0
0
0
0
0
0
0
0
0
0
0
0
0
0
0
0
0
0
0
0
0
0
0
0
0
0
0
0
0
0
0
0
0
0
0
0
0
0
0
0
0
0
0
0
0
0
0
0
0
0
0
0
0
0
0
0
0
0
0
0
0
0
0
0
0
0
0
0
0
0
0
0
0
0
0
0
0
0
0
0
0
0
0
0
0
0
0
0
0
0
0
0
0
0
0
0
0
0
0
0
0
0
0
0
0
0
0
0
0
0
0
0
0
0
0
0
0
0
0
0
0
0
0
0
0
0
0
0
0
0
0
0
0
0
0
0
0
0
0
0
0
0
0
0
0
0
0
0
0
0
0
0
0
0
0
0
0
0
0
0
0
0
0
0
0
0
0
0
0
0
0
0
0
0
0
0
0
0
0
0
0
0
0
0
0
0
0
0
0
0
0
0
0
0
0
0
0
0
0
0
0
0
0
0
0
0
0
0
0
0
0
0
0
0
0
0
0
0
0
0
0
0
0
0
0
0
0
0
0
0
0
0
0
0
0
0
0
0
0
0
0
0
0
0
0
0
0
0
0
0
0
0
0
0
0
0
0
0
0
0
0
0
0
0
0
0
0
0
0
0
0
0
0
0
0
0
0
0
0
0
0
0
0
0
0
0
0
0
0
0
0
0
0
0
0
0
0
0
0
0
0
0
0
0
0
0
0
0
0
0
0
0
0
0
0
0
0
0
0
0
0
0
0
0
0
0
0
0
0
0
0
0
0
0
0
0
0
0
0
0
0
0
0
0
0
0
0
0
0
0
0
0
0
0
0
0
0
0
0
0
0
0
0
0
0
0
0
0
0
0
0
0
0
0
0
0
0
0
0
0
0
0
0
0
0
0
0
0
0
0
0
0
0
0
0
0
0
0
0
0
0
0
0
0
0
0
0
0
0
0
0
0
0
0
0
0
0
0
0
0
0
0
0
0
0
0
0
0
0
0
0
0
0
0
0
0
0
0
0
0
0
0
0
0
0
0
0
0
0
0
0
0
0
0
0
0
0
0
0
0
0
0
0
0
0
0
0
0
0
0
0
0
0
0
0
0
0
0
0
0
0
0
0
0
0
0
0
0
0
0
0
0
0
0
0
0
0
0
0
0
0
0
0
0
0
0
0
0
0
0
0
0
0
0
0
0
0
0
0
0
0
0
0
0
0
0
0
0
0
0
0
0
0
0
0
0
0
0
0
0
0
0
0
0
0
0
0
0
0
0
0
0
0
0
0
0
0
0
0
0
0
0
0
0
0
0
0
0
0
0
0
0
0
0
0
0
0
0
0
0
0
0
0
0
0
0
0
0
0
0
0
0
0
0
0
0
0
0
0
0
0
0
0
0
0
0
0
0
0
0
0
0
0
0
0
0
0
0
0
0
0
0
0
0
0
0
0
0
0
0
0
0
0
0
0
0
0
0
0
0
0
0
0
0
0
0
0
0
0
0
0
0
0
0
0
0
0
0
0
0
0
0
0
0
0
0
0
0
0
0
0
0
0
0
0
0
0
0
0
0
0
0
0
0
0
0
0
0
0
0
0
0
0
0
0
0
0
0
0
0
0
0
0
0
0
0
0
0
0
0
0
0
0
0
0
0
0
0
0
0
0
0
0
0
0
0
0
0
0
0
0
0
0
0
0
0
0
0
0
0
0
0
0
0
0
0
0
0
0
0
0
0
0
0
0
0
0
0
0
0
0
0
0
0
0
0
0
0
0
0
0
0
0
0
0
0
0
0
0
0
0
0
0
0
0
0
0
0
0
0
0
0
0
0
0
0
0
0
0
0
0
0
0
0
0
0
0
0
0
0
0
0
0
0
0
0
0
0
0
0
0
0
0
0
0
0
0
0
0
0
0
0
0
0
0
0
0
0
0
0
0
0
0
0
0
0
0
0
0
0
0
0
0
0
0
0
0
0
0
0
0
0
0
0
0
0
0
0
0
0
0
0
0
0
0
0
0
0
0
0
0
0
0
0
0
0
0
0
0
0
0
0
0
0
0
0
0
0
0
0
0
0
0
0
0
0
0
0
0
0
0
0
0
0
0
0
0
0
0
0
0
0
0
0
0
0
0
0
0
0
0
0
0
0
0
0
0
0
0
0
0
0
0
0
0
0
0
0
0
0
0
0
0
0
0
0
0
0
0
0
0
0
0
0
0
0
0
0
0
0
0
0
0
0
0
0
0
0
0
0
0
0
0
0
0
0
0
0
0
0
0
0
0
0
0
0
0
0
0
0
0
0
0
0
0
0
0
0
0
0
0
0
0
0
0
0
0
0
0
0
0
0
0
0
0
0
0
0
0
0
0
0
0
0
0
0
0
0
0
0
0
0
0
0
0
0
0
0
0
0
0
0
0
0
0
0
0
0
0
0
0
0
0
0
0
0
0
0
0
0
0
0
0
0
0
0
0
0
0
0
0
0
0
0
0
0
0
0
0
0
0
0
0
0
0
0
0
0
0
0
0
0
0
0
0
0
0
0
0
0
0
0
0
0
0
0
0
0
0
0
0
0
0
0
0
0
0
0
0
0
0
0
0
0
0
0
0
0
0
0
0
0
0
0
0
0
0
0
0
0
0
0
0
0
0
0
0
0
0
0
0
0
0
0
0
0
0
0
0
0
0
0
0
0
0
0
0
0
0
0
0
0
0
0
0
0
0
0
0
0
0
0
0
0
0
0
0
0
0
0
0
0
0
0
0
0
0
0
0
0
0
0
0
0
0
0
0
0
0
0
0
0
0
0
0
0
0
0
0
0
0
0
0
0
0
0
0
0
0
0
0
0
0
0
0
0
0
0
0
0
0
0
0
0
0
0
0
0
0
0
0
0
0
0
0
0
0
0
0
0
0
0
0
0
0
0
0
0
0
0
0
0
0
0
0
0
0
0
0
0
0
0
0
0
0
0
0
0
0
0
0
0
0
0
0
0
0
0
0
0
0
0
0
0
0
0
0
0
0
0
0
0
0
0
0
0
0
0
0
0
0
0
0
0
0
0
0
0
0
0
0
0
0
0
0
0
0
0
0
0
0
0
0
0
0
0
0
0
0
0
0
0
0
0
0
0
0
0
0
0
0
0
0
0
0
0
0
0
0
0
0
0
0
0
0
0
0
0
0
0
0
0
0
0
0
0
0
0
0
0
0
0
0
0
0
0
0
0
0
0
0
0
0
0
0
0
0
0
0
0
0
0
0
0
0
0
0
0
0
0
0
0
0
0
0
0
0
0
0
0
0
0
0
0
0
0
0
0
0
0
0
0
0
0
0
0
0
0
0
0
0
0
0
0
0
0
0
0
0
0
0
0
0
0
0
0
0
0
0
0
0
0
0
0
0
0
0
0
0
0
0
0
0
0
0
0
0
0
0
0
0
0
0
0
0
0
0
0
0
0
0
0
0
0
0
0
0
0
0
0
0
0
0
0
0
0
0
0
0
0
0
0
0
0
0
0
0
0
0
0
0
0
0
0
0
0
0
0
0
0
0
0
0
0
0
0
0
0
0
0
0
0
0
0
0
0
0
0
0
0
0
0
0
0
0
0
0
0
0
0
0
0
0
0
0
0
0
0
0
0
0
0
0
0
0
0
0
0
0
0
0
0
0
0
0
0
0
0
0
0
0
0
0
0
0
0
0
0
0
0
0
0
0
0
0
0
0
0
0
0
0
0
0
0
0
0
0
0
0
0
0
0
0
0
0
0
0
0
0
0
0
0
0
0
0
0
0
0
0
0
0
0
0
0
0
0
0
0
0
0
0
0
0
0
0
0
0
0
0
0
0
0
0
0
0
0
0
0
0
0
0
0
0
0
0
0
0
0
0
0
0
0
0
0
0
0
0
0
0
0
0
0
0
0
0
0
0
0
0
0
0
0
0
0
0
0
0
0
0
0
0
0
0
0
0
0
0
0
0
0
0
0
0
0
0
0
0
0
0
0
0
0
0
0
0
0
0
0
0
0
0
0
0
0
0
0
0
0
0
0
0
0
0
0
0
0
0
0
0
0
0
0
0
0
0
0
0
0
0
0
0
0
0
0
0
0
0
0
0
0
0
0
0
0
0
0
0
0
0
0
0
0
0
0
0
0
0
0
0
0
0
0
0
0
0
0
0
0
0
0
0
0
0
0
0
0
0
0
0
0
0
0
0
0
0
0
0
0
0
0
0
0
0
0
0
0
0
0
0
0
0
0
0
0
0
0
0
0
0
0
0
0
0
0
0
0
0
0
0
0
0
0
0
0
0
0
0
0
0
0
0
0
0
0
0
0
0
0
0
0
0
0
0
0
0
0
0
0
0
0
0
0
0
0
0
0
0
0
0
0
0
0
0
0
0
0
0
0
0
0
0
0
0
0
0
0
0
0
0
0
0
0
0
0
0
0
0
0
0
0
0
0
0
0
0
0
0
0
0
0
0
0
0
0
0
0
0
0
0
0
0
0
0
0
0
0
0
0
0
0
0
0
0
0
0
0
0
0
0
0
0
0
0
0
0
0
0
0
0
0
0
0
0
0
0
0
0
0
0
0
0
0
0
0
0
0
0
0
0
0
0
0
0
0
0
0
0
0
0
0
0
0
0
0
0
0
0
0
0
0
0
0
0
0
0
0
0
0
0
0
0
0
0
0
0
0
0
0
0
0
0
0
0
0
0
0
0
0
0
0
0
0
0
0
0
0
0
0
0
0
0
0
0
0
0
0
0
0
0
0
0
0
0
0
0
0
0
0
0
0
0
0
0
0
0
0
0
0
0
0
0
0
0
0
0
0
0
0
0
0
0
0
0
0
0
0
0
0
0
0
0
0
0
0
0
0
0
0
0
0
0
0
0
0
0
0
0
0
0
0
0
0
0
0
0
0
0
0
0
0
0
0
0
0
0
0
0
0
0
0
0
0
0
0
0
0
0
0
0
0
0
0
0
0
0
0
0
0
0
0
0
0
0
0
0
0
0
0
0
0
0
0
0
0
0
0
0
0
0
0
0
0
0
0
0
0
0
0
0
0
0
0
0
0
0
0
0
0
0
0
0
0
0
0
0
0
0
0
0
0
0
0
0
0
0
0
0
0
0
0
0
0
0
0
0
0
0
0
0
0
0
0
0
0
0
0
0
0
0
0
0
0
0
0
0
0
0
0
0
0
0
0
0
0
0
0
0
0
0
0
0
0
0
0
0
0
0
0
0
0
0
0
0
0
0
0
0
0
0
0
0
0
0
0
0
0
0
0
0
0
0
0
0
0
0
0
0
0
0
0
0
0
0
0
0
0
0
0
0
0
0
0
0
0
0
0
0
0
0
0
0
0
0
0
0
0
0
0
0
0
0
0
0
0
0
0
0
0
0
0
0
0
0
0
0
0
0
0
0
0
0
0
0
0
0
0
0
0
0
0
0
0
0
0
0
0
0
0
0
0
0
0
0
0
0
0
0
0
0
0
0
0
0
0
0
0
0
0
0
0
0
0
0
0
0
0
0
0
0
0
0
0
0
0
0
0
0
0
0
0
0
0
0
0
0
0
0
0
0
0
0
0
0
0
0
0
0
0
0
0
0
0
0
0
0
0
0
0
0
0
0
0
0
0
0
0
0
0
0
0
0
0
0
0
0
0
0
0
0
0
0
0
0
0
0
0
0
0
0
0
0
0
0
0
0
0
0
0
0
0
0
0
0
0
0
0
0
0
0
0
0
0
0
0
0
0
0
0
0
0
0
0
0
0
0
0
0
0
0
0
0
0
0
0
0
0
0
0
0
0
0
0
0
0
0
0
0
0
0
0
0
0
0
0
0
0
0
0
0
0
0
0
0
0
0
0
0
0
0
0
0
0
0
0
0
0
0
0
0
0
0
0
0
0
0
0
0
0
0
0
0
0
0
0
0
0
0
0
0
0
0
0
0
0
0
0
0
0
0
0
0
0
0
0
0
0
0
0
0
0
0
0
0
0
0
0
0
0
0
0
0
0
0
0
0
0
0
0
0
0
0
0
0
0
0
0
0
0
0
0
0
0
0
0
0
0
0
0
0
0
0
0
0
0
0
0
0
0
0
0
0
0
0
0
0
0
0
0
0
0
0
0
0
0
0
0
0
0
0
0
0
0
0
0
0
0
0
0
0
0
0
0
0
0
0
0
0
0
0
0
0
0
0
0
0
0
0
0
0
0
0
0
0
0
0
0
0
0
0
0
0
0
0
0
0
0
0
0
0
0
0
0
0
0
0
0
0
0
0
0
0
0
0
0
0
0
0
0
0
0
0
0
0
0
0
0
0
0
0
0
0
0
0
0
0
0
0
0
0
0
0
0
0
0
0
0
0
0
0
0
0
0
0
0
0
0
0
0
0.02890425
0.2251668
0.9598975
1.983405
2.499528
2.637852
2.916058
3.058925
2.191166
1.990261
1.599554
0
0
0
0
0
0
0
0
0
0
0
0
0
0
0
0
0
0
0
0
0
0
0
0
0
0
0
0
0
0
0
0
0
0
0
0
0
0
0
0
0
0
0
0
0
0
0
0
0
0
0
0
0
0
0
0
0
0
0
0
0
0
0
0
0
0
0
0
0
0
0
0
0
0
0
0
0
0
0
0
0
0
0
0
0
0
0
0
0
0
0
0
0
0
0
0
0
0
0
0
0
0
0
0
0
0
0
0
0
0
0
0
0
0
0
0
0
0.04290118
0.3615368
1.159874
2.594461
4.19267
5.317464
5.415242
4.354862
4.556759
3.632443
0.8146877
0
0
0
0
0
0
0
0
0
0
0
0
0
0
0
0
0
0
0
0
0
0
0
0
0
0
0
0
0
0
0
0
0
0
0
0
0
0
0
0
0
0
0
0
0
0
0
0
0
0
0
0
0
0
0
0
0
0
0
0
0
0
0
0
0
0
0
0
0
0
0
0
0
0
0
0
0
0
0
0
0
0
0
0
0
0
0
0
0
0
0
0
0
0
0
0
0
0
0
0
0
0
0
0
0
0
0
0
0
0
0
0
0
0
0
0
0
0.01552448
1.525011
4.224618
6.502721
9.628946
11.03207
10.85258
11.21032
10.05783
5.893047
3.762715
2.937094
0.3095359
0
0
0
0
0
0
0
0
0
0
0
0
0
0
0
0
0
0
0
0
0
0
0
0
0
0
0
0
0
0
0
0
0
0
0
0
0
0
0
0
0
0
0
0
0
0
0
0
0
0
0
0
0
0
0
0
0
0
0
0
0
0
0
0
0
0
0
0
0
0
0
0
0
0
0
0
0
0
0
0
0
0
0
0
0
0
0
0
0
0
0
0
0
0
0
0
0
0
0
0
0
0
0
0
0
0
0
0
0
0
0
0
0
0
0
1.520478
4.039503
6.65229
10.98107
13.69985
15.44466
16.21809
16.13559
17.28848
15.02105
8.184491
3.659097
0.6473711
0.2527616
0
0
0
0
0
0
0
0
0
0
0
0
0
0
0
0
0
0
0
0
0
0
0
0
0
0
0
0
0
0
0
0
0
0
0
0
0
0
0
0
0
0
0
0
0
0
0
0
0
0
0
0
0
0
0
0
0
0
0
0
0
0
0
0
0
0
0
0
0
0
0
0
0
0
0
0
0
0
0
0
0
0
0
0
0
0
0
0
0
0
0
0
0
0
0
0
0
0
0
0
0
0
0
0
0
0
0
0
0
0
0
0
0
0.9507197
3.118051
4.924499
8.8681
15.88806
21.40761
26.68213
29.74629
29.027
27.95023
21.48348
15.12053
9.213494
2.78768
0.6070076
0
0
0
0
0
0
0
0
0
0
0
0
0
0
0
0
0
0
0
0
0
0
0
0
0
0
0
0
0
0
0
0
0
0
0
0
0
0
0
0
0
0
0
0
0
0
0
0
0
0
0
0
0
0
0
0
0
0
0
0
0
0
0
0
0
0
0
0
0
0
0
0
0
0
0
0
0
0
0
0
0
0
0
0
0
0
0
0
0
0
0
0
0
0
0
0
0
0
0
0
0
0
0
0
0
0
0
0
0
0
0
0
0
0.03775104
1.674692
6.458445
13.45499
21.55186
30.55627
39.05451
42.75705
43.42394
40.2261
32.87012
24.99218
14.21187
6.101966
2.40703
0
0
0
0
0
0
0
0
0
0
0
0
0
0
0
0
0
0
0
0
0
0
0
0
0
0
0
0
0
0
0
0
0
0
0
0
0
0
0
0
0
0
0
0
0
0
0
0
0
0
0
0
0
0
0
0
0
0
0
0
0
0
0
0
0
0
0
0
0
0
0
0
0
0
0
0
0
0
0
0
0
0
0
0
0
0
0
0
0
0
0
0
0
0
0
0
0
0
0
0
0
0
0
0
0
0
0
0
0
0
0
0
0.888005
2.674713
6.261127
13.26559
22.61897
34.28848
45.68744
55.63368
60.14577
62.09267
59.71067
47.97248
36.8357
26.96824
14.64857
8.062988
2.790424
0.5419548
0.1976216
0
0
0
0
0
0
0
0
0
0
0
0
0
0
0
0
0
0
0
0
0
0
0
0
0
0
0
0
0
0
0
0
0
0
0
0
0
0
0
0
0
0
0
0
0
0
0
0
0
0
0
0
0
0
0
0
0
0
0
0
0
0
0
0
0
0
0
0
0
0
0
0
0
0
0
0
0
0
0
0
0
0
0
0
0
0
0
0
0
0
0
0
0
0
0
0
0
0
0
0
0
0
0
0
0
0
0
0.2530576
1.991876
5.511367
9.936451
16.81644
25.71666
34.99599
45.13096
56.44266
66.88744
73.46276
75.22352
70.85061
63.59599
52.84132
41.56866
30.61595
21.28803
11.57551
5.67831
1.259706
0.03801438
0
0
0
0
0
0
0
0
0
0
0
0
0
0
0
0
0
0
0
0
0
0
0
0
0
0
0
0
0
0
0
0
0
0
0
0
0
0
0
0
0
0
0
0
0
0
0
0
0
0
0
0
0
0
0
0
0
0
0
0
0
0
0
0
0
0
0
0
0
0
0
0
0
0
0
0
0
0
0
0
0
0
0
0
0
0
0
0
0
0
0
0
0
0
0
0
0.08373709
1.908205
3.624733
3.202065
3.152897
1.829136
1.266286
0.7499432
1.140615
2.246032
5.733434
12.49255
21.23984
30.84428
38.95837
46.07657
51.82656
59.2737
64.41763
71.76701
80.25919
80.10552
73.67031
68.77915
65.30883
60.32005
52.00546
41.97604
29.49536
20.25389
10.58859
4.032001
1.272322
0
0
0
0
0
0.5720202
1.47632
0.9442118
0.1249723
0.260099
0.1181705
0
0
0
0
0
0
0
0
0
0
0
0
0
0
0
0
0
0
0
0
0
0
0
0
0
0
0
0
0
0
0
0
0
0
0
0
0
0
0
0
0
0
0
0
0
0
0
0
0
0
0
0
0
0
0
0
0
0
0
0
0
0
0
0
0
0
0
0
0
0
0
0
0
0
0
0
0
0
0
0
0
0
0
0.7668803
3.070933
4.395675
4.675984
5.363708
3.500868
1.270218
0.2441761
0
1.757633
6.58678
15.05449
30.22833
46.439
56.27361
62.83994
69.53015
71.34629
67.30645
66.84664
69.03399
68.23738
67.84572
73.44547
76.98975
80.23735
83.01948
79.52321
72.03916
57.97234
43.61891
26.83534
11.19279
3.130534
0
0
0
0
1.438196
3.769118
3.586613
3.655141
3.660484
3.885939
6.153635
4.789293
2.993249
0.8013819
0
0
0
0
0
0
0
0
0
0
0
0
0
0
0
0
0
0
0
0
0
0
0
0
0
0
0
0
0
0
0
0
0
0
0
0
0
0
0
0
0
0
0
0
0
0
0
0
0
0
0
0
0
0
0
0
0
0
0
0
0
0
0
0
0
0
0
0
0
0
0
0
0.008973807
0.8076339
2.179023
3.210902
3.960161
3.645628
3.639694
3.286517
2.307278
3.209617
4.599037
3.175165
1.675106
0.4870617
0.03173658
0.01663874
0.01600486
3.57638
13.57711
29.31224
53.31556
76.80102
90.47564
96.79961
97.0239
90.70301
77.98022
67.18347
59.02576
55.82907
59.27798
65.64029
77.62798
90.40265
102.6296
107.4944
104.941
93.00801
73.05376
48.21524
24.54404
10.98151
2.354905
0.0001015991
0
0
0.00622955
1.247485
2.94063
3.542044
4.934168
5.818338
5.033974
3.655629
4.612807
4.869362
3.4689
1.763611
0.1850376
0.01002388
0
0
0
0
0
0
0
0
0
0
0
0
0
0
0
0
0
0
0
0
0
0
0
0
0
0
0
0
0
0
0
0
0
0
0
0
0
0
0
0
0
0
0
0
0
0
0
0
0
0
0
0
0
0
0
0
0
0
0
0
0
0
0
0
0
0
0
0
0.9577056
3.211832
5.062938
6.344725
5.671953
4.530237
7.052138
6.881364
4.591509
5.251262
5.040502
5.373051
4.121273
3.779764
4.034011
3.888362
5.48541
14.9889
34.60009
57.70591
86.77123
118.214
136.8317
142.0631
135.5618
116.2482
92.07278
74.12231
59.10177
50.93021
54.38365
67.83356
85.60711
106.4609
131.0591
152.1363
153.1638
139.3585
116.3444
86.01032
51.42243
30.98661
15.39452
7.111396
3.145686
2.221126
1.659071
3.207271
5.036283
5.571823
6.35976
6.928859
7.553752
9.056424
9.712555
9.074128
7.968239
6.211237
6.347296
4.483923
0
0
0
0
0
0
0
0
0
0
0
0
0
0
0
0
0
0
0
0
0
0
0
0
0
0
0
0
0
0
0
0
0
0
0
0
0
0
0
0
0
0
0
0
0
0
0
0
0
0
0
0
0
0
0
0
0
0
0
0
0
0
0
0
0
0
0
0
0
0
0
0
0
1.162839
2.949955
2.875889
2.510015
3.130672
4.860837
6.126222
7.496376
9.388168
10.6157
14.93795
22.11792
38.62939
62.54504
90.30748
127.8492
159.7348
179.7758
180.671
164.4566
134.7419
99.74594
74.04577
54.0292
42.38535
44.86006
58.24556
82.02441
114.3439
150.873
182.7813
195.5263
189.1105
166.0266
129.6462
87.03928
58.72899
39.71239
26.19848
16.99493
11.59657
9.911238
10.04243
7.057131
5.224153
4.941706
5.306407
5.298801
4.968631
4.97944
3.589163
2.219835
0.7339921
0.0017863
0
0
0
0
0
0
0
0
0
0
0
0
0
0
0
0
0
0
0
0
0
0
0
0
0
0
0
0
0
0
0
0
0
0
0
0
0
0
0
0
0
0
0
0
0
0
0
0
0
0
0
0
0
0
0
0
0
0
0
0
0
0
0
0
0
0
0
0
0
0
0
0
0.3608886
1.438543
4.386192
8.323121
8.623697
9.314929
11.92069
14.01211
18.58686
24.69596
31.99751
38.38995
51.43093
63.10062
83.40948
113.6264
141.0526
172.0752
197.2233
207.4386
199.6822
178.7002
143.5423
101.8008
69.1979
44.00819
28.90489
30.24602
46.12239
75.70062
113.5093
160.4328
200.9541
220.4995
223.9581
208.0873
179.3191
141.7863
112.5334
89.0256
69.95355
56.04357
42.57276
36.30251
31.33828
24.72347
21.06539
15.4667
12.78236
11.3693
8.453689
5.856758
4.1896
1.71698
0
0
0
0
0
0
0
0
0
0
0
0
0
0
0
0
0
0
0
0
0
0
0
0
0
0
0
0
0
0
0
0
0
0
0
0
0
0
0
0
0
0
0
0
0
0
0
0
0
0
0
0
0
0
0
0
0
0
0
0
0
0
0
0
0
0
0
0
0
0
0
0
0
0
2.679531
6.939727
9.828513
14.68375
17.86306
19.71998
25.49331
34.1971
39.36779
48.3984
62.67532
79.41536
101.6707
125.5992
152.7833
176.9863
191.1929
209.1848
223.6011
218.5354
198.1671
170.1378
129.6906
85.44234
52.6815
29.38171
16.73301
17.65999
31.18036
56.2766
91.9093
139.2625
184.9613
215.2606
236.5414
239.7169
225.479
202.2157
183.0611
155.7546
128.1064
103.5829
82.76355
68.9208
56.068
44.85007
38.88467
31.63904
23.88088
21.7055
17.02244
10.84109
7.180165
3.971808
1.949083
0.1446635
0.1025104
0.2471739
0.1446635
0
0
0
0
0
0
0
0
0
0
0
0
0
0
0
0
0
0
0
0
0
0
0
0
0
0
0
0
0
0
0
0
0
0
0
0
0
0
0
0
0
0
0
0
0
0
0
0
0
0
0
0
0
0
0
0
0
0
0
0
0.9095417
2.833739
3.391336
4.11133
5.890739
7.3048
8.364852
7.800489
9.122109
13.03764
19.64418
25.80038
33.06057
38.31808
41.07825
47.01081
55.98072
63.33222
78.09378
100.1904
128.2577
168.2024
203.4805
234.6107
253.8302
252.7717
245.6982
229.942
210.9816
179.2708
140.7011
101.825
64.11365
36.96645
18.35983
10.98386
12.43615
22.8875
43.99176
73.91298
115.8786
159.4155
196.6352
234.6627
258.2601
272.5998
275.3553
263.5053
240.3064
204.8995
166.5883
133.324
105.3409
86.4058
70.56157
60.90244
52.16315
45.50597
40.88089
34.76379
27.33283
20.46369
13.79333
9.548625
10.63127
10.46595
9.734254
11.45625
9.233999
6.436196
3.611014
1.06213
0
0
0
0
0
0
0
0
0
0
0
0
0
0
0
0
0
0
0
0
0
0
0
0
0
0
0
0
0
0
0
0
0
0
0
0
0
0
0
0
0
0
0
0
0
0
0
0
0
0
0
0
0
0
0
0.0006963255
0.9257853
4.504782
8.181164
11.02247
14.13111
14.07027
13.98419
16.32007
18.73621
21.38156
29.64688
35.30076
41.19332
46.8194
47.92047
53.5638
64.04484
75.26721
95.00264
127.6556
168.3892
218.5862
269.045
306.16
320.3835
307.9929
272.7805
230.3229
197.437
154.0045
113.9236
80.14789
47.99563
28.46253
15.63528
10.75494
12.45357
19.35491
34.88142
59.70384
95.05252
136.3632
181.9397
228.3621
269.1632
310.2175
331.4306
333.6409
312.1663
268.5705
216.0653
168.2347
130.9723
101.9648
79.32888
70.13645
59.90237
52.218
49.7463
44.39688
37.33044
30.58325
24.10831
22.55908
20.82942
20.2494
21.0459
21.1029
19.52698
15.52572
10.32238
4.652722
1.049101
0.8592691
0.06496114
0
0
0
0
0
0
0
0
0
0
0
0
0
0
0
0
0
0
0
0
0
0
0
0
0
0
0
0
0
0
0
0
0
0
0
0
0
0
0
0
0
0
0
0
0
0
0
0
0
0
0.6206119
4.449299
8.590768
9.599376
12.57943
16.89092
21.85749
25.05106
26.6272
27.42306
27.69943
30.96876
37.19896
43.41004
48.5733
53.44612
55.05283
55.3371
59.90599
69.84089
85.05919
114.6241
154.7232
205.2713
271.1671
330.8959
368.4613
382.2738
359.8962
312.4177
254.3952
204.1016
152.1338
114.0349
85.82376
60.70585
44.36893
35.75474
32.79223
34.77927
44.61168
60.21381
79.40805
106.5951
140.6581
184.8271
242.4315
296.9658
356.3452
400.0795
410.3106
387.3287
334.8822
268.5063
205.3057
153.2028
116.9636
86.67041
74.08388
65.89994
60.65463
58.59639
55.2298
52.95409
47.71392
39.11801
34.49192
32.72072
32.79414
33.88463
32.58838
29.32518
25.47452
19.23791
12.91499
7.338756
4.489172
4.022105
3.593719
1.575498
0
0
0
0
0
0
0
0
0
0
0
0
0
0
0
0
0
0
0
0
0
0
0
0
0
0
0
0
0
0
0
0
0
0
0
0
0
0
0
0
0
0
0
0
0
0
0
0
0
0
0.8355004
4.1982
9.514538
13.17563
15.31947
19.08382
21.82982
21.76111
24.41815
31.20004
36.6209
41.73813
43.98421
44.01049
43.37502
43.70507
50.44413
61.20825
79.25627
115.9239
166.6076
232.1031
307.426
365.1392
406.969
421.3515
396.7296
340.7313
274.6595
226.724
177.502
139.5882
117.9428
99.06235
89.04392
82.76443
79.036
86.23792
95.28348
110.122
128.4046
153.5166
181.0128
217.5129
277.4429
338.6634
397.7626
445.4506
460.8566
432.1277
371.1721
296.1938
222.4532
161.6079
115.1138
76.53546
60.23425
51.82319
48.47639
50.21331
50.7337
49.01745
45.43078
39.39813
33.49008
28.12715
24.17999
23.1954
22.19155
20.76231
19.27856
15.92773
8.998034
3.081709
0.2607527
0
0
0
0
0
0
0
0
0
0
0
0
0
0
0
0
0
0
0
0
0
0
0
0
0
0
0
0
0
0
0
0
0
0
0
0
0
0
0
0
0
0
0
0
0
0
0
0
0
0
0
0
0
0.0005746826
0.9014343
4.320696
7.217812
8.538432
11.66956
13.75857
16.03039
22.59098
29.85754
32.48602
34.21246
32.7134
30.32051
26.4347
27.45482
34.87682
45.84736
68.86088
110.602
168.2538
236.7507
308.6225
366.3861
410.4319
433.4019
414.8136
372.5556
332.0966
301.4397
257.628
228.6898
215.2164
205.7878
202.1695
203.6664
204.3169
205.4412
218.0249
234.8364
248.2608
267.3546
285.6998
314.4206
355.2428
399.113
441.921
467.225
472.0918
436.162
375.1826
299.886
226.2593
164.4878
108.7183
67.71855
46.66209
32.07495
27.81259
29.89925
36.37156
42.79128
41.93397
37.7714
33.59752
26.60461
17.40902
13.85883
10.25404
8.255897
7.729183
6.158304
5.341675
2.964397
0.3659883
0
0
0
0
0
0
0
0
0
0
0
0
0
0
0
0
0
0
0
0
0
0
0
0
0
0
0
0
0
0
0
0
0
0
0
0
0
0
0
0
0
0
0
0
0
0
0
0
0
0
0
0
0
0
0
0
0
0.05754954
1.164242
3.616758
6.370991
10.99788
16.86203
18.03239
16.55521
14.10738
8.092389
5.559569
5.624248
14.11777
28.94657
48.65744
83.65689
132.8116
186.987
246.9696
296.0189
340.3018
377.9079
380.6048
376.6693
382.7927
384.7305
376.8381
374.0168
371.0105
373.2077
383.0646
391.4372
400.0763
411.0734
422.7804
437.5273
449.0877
453.9094
453.1561
448.5794
448.3254
455.0092
450.3532
428.7468
406.1985
360.2078
301.3035
236.8067
181.9397
129.9347
84.54353
46.76135
24.03106
9.768186
7.565972
8.299322
10.42828
16.07395
19.34372
20.17432
18.79339
14.84838
9.177176
3.823239
0.3222051
0.001172723
0
0
0
0
0
0
0
0
0
0
0
0
0
0
0
0
0
0
0
0
0
0
0
0
0
0
0
0
0
0
0
0
0
0
0
0
0
0
0
0
0
0
0
0
0
0
0
0
0
0
0
0
0
0
0
0
0
0
0
0
0
0.6003307
2.978949
4.80005
4.593907
5.690733
5.858181
4.369479
4.423916
4.329136
2.728966
3.189016
8.918507
16.03507
23.62705
36.72525
48.81174
62.70676
81.64301
106.6059
136.8591
167.4165
208.6805
265.1663
304.2529
338.9494
395.7759
451.5282
496.5426
532.7828
555.431
576.9684
589.3284
604.802
616.3151
630.1934
647.9397
662.2509
677.9939
664.837
628.7552
577.2466
517.4979
469.2719
402.1298
326.6799
277.2407
218.8573
172.2957
135.5719
113.9189
92.7347
70.47703
56.72266
46.16067
29.34847
15.69391
10.13687
5.143197
3.99046
1.801702
2.912941
5.464815
6.081357
6.723038
4.361658
2.076095
2.031
1.032916
0.1347561
0
0
0
0
0
0
0
0
0
0
0
0
0
0
0
0
0
0
0
0
0
0
0
0
0
0
0
0
0
0
0
0
0
0
0
0
0
0
0
0
0
0
0
0
0
0
0
0
0
0
0
0
0
0
0
0
0
0
0
0
1.90283
6.544252
9.55011
8.381255
4.119309
0.6567504
0
2.09342
14.0545
33.7977
55.65213
74.11674
83.54148
97.68522
102.1019
94.88524
80.10902
64.29409
55.14985
55.7547
78.29278
131.3318
186.9576
261.009
362.2268
447.62
538.1298
610.2611
661.8415
710.6824
741.8128
758.2823
762.0216
779.8161
804.5357
818.6921
822.8646
783.2941
709.3299
616.308
507.1239
410.7652
301.154
193.6029
131.6595
84.91257
66.31489
70.02122
87.1285
104.6953
121.7187
128.8484
128.6206
115.2938
87.01173
66.40393
36.47908
17.25836
5.756309
1.246484
1.180776
3.526359
6.97316
7.333535
8.384203
6.420274
1.787025
0.123276
0
0
0
0
0
0
0
0
0
0
0
0
0
0
0
0
0
0
0
0
0
0
0
0
0
0
0
0
0
0
0
0
0
0
0
0
0
0
0
0
0
0
0
0
0
0
0
0
0
0
0
0
0
0
0
0
0
0
0
0
0.0006371297
3.878911
9.221197
8.577101
4.638874
0
2.774449
14.35845
40.28382
78.88231
125.9784
160.2115
176.8602
199.4028
201.6237
187.6418
152.7981
107.3064
64.66643
28.98305
19.77372
42.06594
89.62352
171.814
283.7507
389.9114
503.6316
600.8435
674.283
737.0941
776.9921
804.9406
815.9621
831.7459
843.1552
842.4815
838.6474
779.5573
678.5754
558.4456
425.8442
310.1998
191.3092
89.48607
42.35548
25.46836
46.46642
87.8035
133.3731
176.9266
221.1345
240.77
243.2632
232.0863
193.2162
152.3526
93.52748
55.1396
25.05199
4.44572
0
0.6799723
3.091945
6.578179
8.051712
5.039747
1.107435
0
0.3082333
1.860221
3.80637
5.83202
6.694434
3.869933
1.504759
0.1473294
0
0
0
0
0
0
0
0
0
0
0
0
0
0
0
0
0
0
0
0
0
0
0
0
0
0
0
0
0
0
0
0
0
0
0
0
0
0
0
0
0
0
0
0
0.9201374
2.501299
3.052921
4.318225
5.32748
3.631375
1.730056
1.605969
3.083862
7.12378
12.28166
11.97087
6.449529
1.80159
5.000361
23.90028
63.00408
117.1877
180.1079
225.9285
262.7588
289.7589
289.0566
285.548
251.2615
196.3757
129.2921
67.29279
21.45776
9.40291
37.35541
109.1009
213.7649
319.5459
446.7226
558.4294
650.9627
739.306
797.6458
838.9228
849.119
864.7241
871.0956
846.6296
813.7029
726.7182
606.7804
472.6972
326.3573
218.629
110.0964
30.18041
13.32412
36.64322
95.48952
159.4229
217.7655
277.7376
326.0456
338.5064
340.6522
329.1868
273.7631
208.6511
140.0004
85.96224
37.9776
7.730275
1.663081
6.000694
11.77699
12.49003
11.48072
5.636785
1.322178
0
0.252132
1.516914
4.740958
8.3211
9.254658
8.841049
6.212691
1.531741
0
0
0
0
0
0
0
0
0
0
0
0
0
0
0
0
0
0
0
0
0
0
0
0
0
0
0
0
0
0
0
0
0
0
0
0
0
0
0
0
0
0
0
0
0
0.3394575
0.987367
1.169381
1.089947
0.6379136
0
0.03057595
4.293739
15.40235
26.32411
29.76443
18.98527
6.3237
8.82922
26.85768
63.86288
118.9814
180.0674
228.4707
279.8433
316.947
329.7649
339.9614
316.7578
269.6471
203.7836
123.3538
49.36116
6.58173
11.11161
64.46333
152.7755
251.4635
385.1584
511.7277
624.6466
736.9482
821.1016
889.3415
922.2373
929.1853
910.2197
856.6983
792.4814
676.6201
527.705
385.0697
243.4455
138.6077
56.06792
6.554402
20.7204
75.29767
151.3797
222.6811
286.0454
339.065
377.3552
378.383
362.4604
341.7027
279.135
210.9635
147.9038
94.9848
44.79376
18.67564
15.14286
21.85623
32.61917
34.50057
31.29267
16.93255
5.743938
1.262821
0
0.2765933
2.522366
6.012361
5.502265
4.669034
4.71087
0.9006883
0
0
0
0
0
0
0
0
0
0
0
0
0
0
0
0
0
0
0
0
0
0
0
0
0
0
0
0
0
0
0
0
0
0
0
0
0
0
0
0
0
0
0
0
0
0
0
0
0
0
0.3855615
2.584595
12.13025
33.34484
50.51062
53.1382
44.85386
28.8162
21.81475
28.44314
54.05073
95.10338
142.6565
181.0885
234.9623
276.0394
298.1203
325.7381
319.3573
292.1141
231.8832
152.4269
76.88442
21.02077
9.508502
46.78156
115.8323
209.2673
346.062
492.2999
643.0088
791.6216
902.419
1005.414
1054.791
1049.681
1009.263
926.3314
827.9066
669.1349
488.8605
334.7091
185.6785
90.94133
28.32285
5.974927
34.84222
101.5285
179.2147
241.8881
289.9459
326.7703
349.3559
337.7264
312.3354
284.8093
227.3334
172.6595
129.2289
88.8948
55.34766
44.65782
48.54185
56.40025
66.86168
68.00799
55.95483
32.9618
14.5467
3.886717
0.3438782
0
0.4121265
1.176606
1.382725
1.306064
1.056544
0.4161519
0
0
0
0
0
0
0
0
0
0
0
0
0
0
0
0
0
0
0
0
0
0
0
0
0
0
0
0
0
0
0
0
0
0
0
0
0
0
0
0
0
0
0
0
0
0
0.3686624
1.227922
2.866929
5.947238
9.480194
13.47054
25.79964
51.86855
73.83772
83.38357
79.50796
60.86209
46.82949
41.30939
48.67353
67.52967
90.04544
116.0113
155.8427
185.8816
210.1376
241.1905
250.8399
247.1254
207.3001
146.044
84.39346
34.48456
18.11655
44.02137
98.70454
183.8937
326.5704
494.0805
670.3032
860.3941
1011.214
1134.565
1195.882
1203.73
1149.657
1018.923
881.5653
682.3537
468.6945
298.4829
153.2199
67.9885
21.88873
9.357585
42.45601
102.1255
160.891
204.1869
231.6639
245.4139
249.6979
234.8226
212.3866
187.1641
148.6636
117.1188
103.7167
84.75405
78.422
85.19546
94.90965
102.6839
101.1039
97.391
80.27239
50.70936
30.96552
17.03211
9.821003
7.759055
7.964897
8.132016
6.983564
4.104554
1.328338
0
0
0
0
0
0
0
0
0
0
0
0
0
0
0
0
0
0
0
0
0
0
0
0
0
0
0
0
0
0
0
0
0
0
0
0
0
0
0
0
0
0
0
0
0.06247735
0.3895892
2.008274
3.427797
5.862994
10.76602
15.29052
23.78168
30.17161
37.88211
57.91231
82.222
99.9164
107.916
96.46015
77.4944
60.94465
47.52818
42.0352
43.10151
51.88183
77.50765
92.52529
109.5556
133.4172
148.9454
155.7839
140.5678
109.3654
72.18952
41.65219
25.9731
41.94309
88.76196
173.1603
321.1496
512.0483
733.344
970.2867
1153.211
1313.991
1398.64
1401.642
1326.765
1154.435
978.3878
729.9335
471.8863
280.3097
129.684
53.01342
15.14303
12.19121
39.21116
78.36427
113.8835
133.8118
143.7759
142.9144
136.7828
119.9399
104.0771
92.75745
76.30618
65.49425
73.45098
81.05755
99.93696
122.3026
138.2212
143.9556
129.7973
116.8223
92.90488
67.5322
49.86987
35.77648
29.35284
25.32447
20.87911
18.63783
13.45548
10.1904
6.651693
2.974118
2.418291
1.5761
0.7660412
1.622246
1.932454
0.6889025
0.3622056
0.6390181
0.4883243
0.1009692
0.05570341
0.05311647
0
0
0
0
0
0
0
0
0
0
0
0
0
0
0
0
0
0
0
0
0
0
0
0
0
0.05805013
1.1729
2.594146
2.240788
2.125993
2.73714
4.29605
5.263838
5.587694
9.27887
13.59064
20.80967
28.56924
36.99376
46.11074
51.3623
64.17313
84.57398
105.8084
120.7389
117.0153
99.54082
79.41153
52.98695
33.26233
20.36427
16.45253
22.28536
25.88602
34.92389
46.89311
59.57102
72.50499
75.55418
64.85865
45.79572
28.09925
20.35549
35.50798
76.34952
158.0157
309.4828
510.885
756.546
1021.24
1235.999
1426.773
1516.383
1515.728
1426.472
1233.062
1030.296
755.149
471.7946
268.0921
120.0506
47.81318
14.414
8.889118
24.32755
45.62097
60.78169
65.75238
66.18791
58.01738
48.32527
40.13778
30.66832
24.81677
26.69352
35.05523
54.48136
81.39533
117.3236
142.2019
160.8541
163.063
142.6347
127.917
101.6531
80.6302
71.23729
57.8868
51.12448
42.91797
36.83499
29.62817
19.42366
14.22149
10.68444
10.54915
11.22838
10.29279
8.339315
8.747611
8.331092
6.359643
4.500844
6.178179
4.784917
4.63363
5.099701
4.146709
3.337243
1.298162
0
0
0
0
0
0
0
0
0
0
0
0
0
0
0.01816427
0.1319124
0.2562604
0.1499816
0.5075517
1.511984
3.813142
5.246211
4.337294
4.523225
4.060065
3.773356
4.150628
7.836759
9.370526
10.8952
9.327056
8.809651
10.42729
14.28294
24.64333
37.58494
46.7703
60.37052
65.73211
70.40467
83.54326
99.09214
114.5937
117.5451
105.6183
84.32899
53.93937
28.77645
12.63583
3.328683
0.9065952
3.210529
8.855865
16.24548
26.5801
33.46817
35.47496
29.63072
19.69076
8.179798
5.433873
24.38394
70.05293
149.5058
301.991
511.1035
767.8638
1048.758
1271.857
1479.185
1595.291
1599.39
1487.833
1273.814
1058.091
761.5114
471.3227
267.1169
117.1838
43.33972
10.1998
3.789152
10.84847
23.11196
31.94655
34.05053
31.01174
26.26286
21.81217
11.5305
3.883239
2.511095
6.621537
19.9119
41.14795
71.99617
116.0509
145.8048
161.4773
165.2851
149.1414
135.744
112.7749
94.52232
89.53779
80.69896
67.62393
53.25185
42.52185
29.64916
20.28068
17.05755
16.55276
17.9291
15.59301
12.5439
11.89659
12.74718
12.11852
11.16891
9.500286
9.734593
10.14637
10.6202
8.696546
7.877165
7.01845
3.949964
2.364055
0.2696746
0.07537276
0
0
0
0
0
0
0
0
0
0
0.2120834
0.7582666
1.838431
2.994539
2.787841
3.128158
5.367667
6.37429
6.56903
7.942329
7.334575
5.712473
4.575893
4.501707
6.665721
9.161539
10.83965
8.713022
7.481619
9.460205
15.52931
25.77524
38.86327
55.6575
71.86064
77.01588
75.27669
80.48182
93.56991
104.7127
107.8055
97.06034
77.53143
49.73677
24.50015
6.797614
0.7535391
1.581919
8.059398
17.73108
30.17721
39.3041
38.43475
36.41386
30.78625
19.78451
5.794433
6.671633
26.57649
71.05376
145.9044
280.4862
462.6125
696.0143
951.6647
1167.59
1377.234
1491.928
1491.89
1386.512
1179.203
974.0324
706.08
445.3547
259.206
127.5408
65.53755
26.80315
13.3747
19.88968
33.7843
46.80522
51.01509
45.84596
44.37408
39.98167
23.37568
10.28395
4.161853
2.906599
11.22375
28.90816
58.013
96.78483
123.1888
137.1589
149.311
145.502
133.5211
119.3105
115.4313
112.4737
102.7752
83.40052
60.32982
43.41464
28.33407
19.24984
16.86528
19.18602
24.19125
20.01185
13.74099
15.3627
14.68485
11.5374
12.36089
11.09349
9.652973
10.07988
9.398198
7.711844
9.572267
7.317652
4.661643
2.145501
1.136832
0.2074344
0
0
0
0
0
0
0
0
0
0
0
0
0
0
0
0.4599888
1.953305
2.561111
2.795297
4.044825
3.677415
2.493335
2.30137
4.914737
4.788666
5.248992
6.374476
4.730498
6.961275
9.791565
13.46057
22.62711
37.60934
60.79667
82.30725
91.01525
90.13169
86.12774
88.05121
90.54757
91.73288
81.74243
59.88639
35.06239
16.86319
6.309015
3.244537
9.738782
27.20255
45.59339
69.32546
84.55914
85.23471
84.23549
76.64205
60.97748
44.89357
45.17018
64.57618
102.3728
163.9493
279.6536
434.3395
625.3622
844.6088
1032.308
1220.632
1337.685
1338.594
1238.573
1051.447
875.8284
647.2695
432.7673
284.45
174.7243
119.379
85.41606
72.90421
76.59353
90.99994
103.5449
105.8075
99.73836
94.56934
82.49377
55.33511
35.68031
18.63291
6.035097
11.29873
24.82912
47.38041
82.84704
110.5595
125.2829
139.96
143.214
134.5996
131.7385
139.1002
130.4424
112.0304
88.05479
61.61172
38.45898
23.54546
14.83587
12.80144
15.30356
17.13746
13.55093
10.98894
14.03134
12.80012
8.915829
7.264675
7.550637
7.149773
6.457959
4.358594
3.912311
3.80656
2.416488
1.682512
0
0
0
0
0
0
0
0
0
0
0
0
0
0
0
0
0
0
0
0
0
0
0
0
0
0
0
0
0.2439407
0.4147097
1.426052
3.328459
3.507407
6.992481
16.56237
31.33923
54.33454
75.22846
88.05539
93.05135
85.39776
78.82912
74.44229
72.614
64.85187
49.88968
36.87804
27.99119
24.08432
27.14793
41.65047
63.48489
82.87749
112.6151
135.6159
142.1898
149.4569
145.6229
137.8296
128.9369
128.5365
139.7414
165.3373
206.6509
277.5709
382.3331
514.2764
657.1546
787.0568
922.6566
1004.512
1000.765
932.515
804.2952
689.6366
547.1503
409.3619
307.8289
237.0373
201.6763
178.293
170.8266
172.0525
183.5505
189.998
181.7285
169.5065
159.4012
140.5458
111.7324
89.2893
66.50547
51.52602
47.55657
49.40191
64.46559
88.56027
102.3048
109.1061
122.5847
127.2586
124.8238
131.1845
136.4751
119.6013
97.32328
73.02682
46.38848
26.17798
15.65904
9.562719
5.841397
4.99034
5.062686
4.801663
3.887484
3.862348
3.750974
2.363716
1.028905
1.389135
0.6569871
0.8726119
1.315689
1.398372
0.7249517
0
0
0
0
0
0
0
0
0
0
0
0
0
0
0
0
0
0
0
0
0
0
0
0
0
0
0
0
0
0
0
0
0
0
0
0.8606846
6.145626
18.18815
32.44342
45.20861
57.07939
65.06325
64.59734
62.90308
65.07838
63.64817
64.62908
64.00922
63.08951
69.68422
75.64144
84.96876
104.3722
123.0341
137.6538
166.1384
190.2379
202.4803
216.6889
222.5668
223.5481
221.8668
217.0615
221.3452
234.9391
254.143
285.5062
338.1992
401.3944
467.1665
526.375
595.4879
636.0104
633.1979
601.4455
541.5291
499.7997
435.7196
374.4562
329.0179
299.7825
286.1022
280.8634
277.5014
274.8189
280.4049
277.3491
262.1782
247.5458
233.1433
215.2535
193.4059
173.3067
151.9051
135.4578
121.5854
113.4497
111.7606
113.2081
107.392
104.6716
105.6235
100.2059
96.26223
93.87856
86.08917
73.1394
58.50002
44.09471
27.78614
11.1845
4.606482
1.485962
0
0
0
0
0
0
0
0
0
0
0
0
0
0
0
0
0
0
0
0
0
0
0
0
0
0
0
0
0
0
0
0
0
0
0
0
0
0
0
0
0
0
0
0
0
0
0
0
0.3307674
1.320729
2.595433
3.02794
4.957718
10.06876
14.68984
18.73074
24.85525
33.48561
41.30304
55.29161
69.46407
80.04697
94.64689
112.2298
126.5079
141.4725
153.8154
170.9263
186.8203
196.8514
220.1047
237.5441
244.9456
253.3344
259.629
265.7227
270.3376
271.1238
272.1325
274.8183
277.44
277.6652
290.6086
312.0508
327.233
342.0929
368.9338
383.8852
380.4146
368.5433
344.1343
334.9298
323.1475
312.8201
312.4712
321.2852
327.0189
329.6339
328.6729
325.4128
326.083
322.0809
313.7625
310.946
304.7261
287.0782
270.7585
259.2121
239.9991
223.718
208.5846
193.4602
177.588
159.9877
134.391
116.7927
100.8295
79.42014
63.02009
45.55749
33.80817
27.32639
19.40152
13.4721
9.062008
6.055721
4.318037
4.448947
5.175898
2.37121
0.9974573
0.3119802
0
0
0
0
0
0
0
0
0
0
0
0
0
0
0
0
0
0
0
0
0
0
0
0
0
0
0
0
0
0
0
0
0
0
0
0
0
0
0
0
0
0.2406632
1.647493
5.774793
10.9344
15.41397
19.9255
20.58828
15.83995
9.133657
5.053024
1.808674
1.881586
9.244081
24.01594
47.09908
74.35614
99.52344
128.3912
150.53
164.7541
173.9249
181.139
196.3381
204.8502
217.5598
235.5078
247.9904
253.1794
250.0942
243.9987
238.2845
233.799
234.3808
230.2332
233.1968
234.8015
226.5096
227.2173
239.388
254.4973
273.5434
302.401
321.0564
312.985
288.4368
257.2692
238.5015
225.5587
222.3286
231.4465
255.6067
268.6874
278.0375
285.4405
286.2283
291.2293
302.6011
310.3473
316.8384
317.1423
306.6651
294.7039
278.8244
261.4167
252.3983
246.922
241.1535
219.212
197.0679
163.9551
126.6729
92.50939
58.7628
33.96299
14.46781
4.118845
2.307194
4.654237
9.576438
16.87508
24.53365
27.57156
25.34952
21.99571
18.83379
16.42523
12.35077
10.01209
6.967802
3.251072
0
0
0
0
0
0
0
0
0
0
0
0
0
0
0
0
0
0
0
0
0
0
0
0
0
0
0
0
0
0
0
0
0
0
0
0
0
0
3.033462
9.108558
13.21581
20.13923
29.59867
37.084
43.22678
41.42757
28.36265
11.09842
1.789108
1.012873
3.730155
13.44894
43.35527
82.07785
111.443
139.4061
161.0797
171.9695
173.0991
181.9641
192.8224
203.4967
217.8418
235.4026
245.6215
241.8887
230.8204
211.2572
187.0156
172.2905
162.162
155.6626
158.0077
157.465
153.422
165.618
196.6387
239.0992
284.094
347.9994
387.2138
376.9753
329.4753
254.8002
206.8611
165.6457
141.9991
140.6786
154.0424
171.1296
189.0144
202.1884
212.8362
232.8887
263.8497
288.8509
301.8712
310.4888
304.6879
291.5442
276.6903
257.3782
248.5298
245.4696
237.1645
228.3703
215.3078
179.5784
139.2855
93.1386
48.88353
21.11082
4.172006
0
4.774208
17.14271
32.42175
50.4761
63.54721
63.59739
55.55564
47.57629
40.96255
35.24568
26.42293
15.04419
10.96693
7.588992
2.398275
0
0
0
0
0
0
0
0
0
0
0
0
0
0
0
0
0
0
0
0
0
0
0
0
0
0
0
0
0
0
0
0
0
0
0
0
0.551085
2.321934
4.285495
10.55722
24.83012
37.04044
47.08417
58.36835
55.91739
39.39455
21.88334
7.589067
2.323153
3.859632
13.24238
42.20339
81.94811
111.7036
137.1614
154.2189
166.4491
172.0902
178.3674
192.0847
208.8005
225.4932
239.8537
244.473
234.037
210.9122
179.5099
142.7477
111.0171
96.84116
83.65646
79.45492
83.91523
85.9438
107.8895
157.2982
224.2759
292.7205
375.9381
428.5577
418.6702
361.3345
268.3027
199.3306
132.4442
88.47984
70.71556
72.76695
84.35424
103.1992
126.3235
149.683
186.1971
227.9168
268.8675
295.8499
310.9147
311.6099
296.1252
275.5273
259.1842
244.7426
236.0525
228.9606
220.1541
203.3475
166.2079
129.975
86.97621
41.94086
16.46657
3.263992
3.330107
14.45887
35.81992
55.54698
73.07722
83.31442
78.94802
69.70751
59.45792
48.91472
39.66861
26.99744
13.55082
5.129501
2.66329
1.290332
1.759677
1.170819
1.224419
1.538602
0.4605277
0.1670812
0
0
0
0
0
0
0
0
0
0
0
0
0
0
0
0
0
0
0
0
0
0
0
0.4694941
2.794717
5.456158
4.933613
2.942288
1.805688
1.59348
1.146866
0.3617667
0.7259665
5.515949
20.4098
36.09404
49.38874
61.12113
58.93144
48.1123
31.92032
15.73139
4.191512
6.235479
17.91477
44.22118
79.7836
109.9707
139.5726
162.5884
181.405
193.053
205.3409
220.8229
237.8746
253.6429
264.8109
260.9181
237.5567
199.1186
158.088
115.624
76.21897
57.50974
39.94916
36.20847
38.76736
51.12631
83.01443
134.8878
201.1178
262.019
331.3673
380.0997
377.0513
332.1766
249.2379
184.2745
121.0866
67.20877
39.84355
32.97823
37.26805
52.49649
77.27483
105.2911
151.952
208.7105
259.8382
297.99
325.4252
342.6507
336.6833
322.0375
301.8237
277.8338
263.1687
241.1164
226.0759
205.2173
163.1667
122.9428
81.94815
39.11678
19.2355
8.767707
9.709582
23.93569
44.21514
62.93537
78.05251
83.66687
77.32797
68.40756
57.42861
42.65901
29.99943
17.24942
8.069086
3.782065
0.5043542
1.188189
3.099179
3.263344
3.817578
5.03084
3.553083
3.060335
3.864873
1.401564
0.6820989
0
0
0
0
0
0
0
0
0
0
0
0
0
0
0
0
0
0
0
0
1.529365
3.827872
3.651345
4.124332
4.791097
4.886731
5.240884
2.110298
0.1584792
0.07678767
1.334143
7.94563
18.26332
30.05526
41.5156
43.49934
37.62933
25.56381
13.76619
5.941198
7.139466
17.55427
42.51874
74.3932
103.1793
135.9249
166.69
192.8677
220.2943
241.9319
258.0868
275.7961
282.0776
278.136
256.574
220.6165
175.3957
134.1092
94.16613
56.62629
38.13936
24.59373
22.52929
30.27451
44.64323
69.91759
106.9421
150.792
188.2168
228.0694
254.3353
251.1395
228.1935
187.0111
148.4175
103.7751
67.18477
38.58117
20.34732
19.93722
28.88151
49.21902
76.60205
120.3759
175.1309
228.9801
277.6958
325.5973
358.5817
368.1226
366.3826
347.3024
322.6308
296.8606
264.915
234.7601
199.0331
153.5724
112.9243
77.05308
38.82177
17.27069
7.281445
8.881661
20.54464
35.37652
46.2912
54.26962
55.56512
50.33246
40.38187
28.67348
18.4106
8.578787
2.834051
0.04494153
0
0
0
2.084647
5.561488
7.670972
8.339183
6.732333
6.78874
5.155681
2.694449
1.197489
0
0
0
0
0
0
0
0
0
0
0
0
0
0
0
0
0
0
0
0
0
0.03631816
0.5232142
1.430017
2.677742
4.393173
5.161353
3.571959
1.135447
0.5236085
0
0
2.76104
10.15912
17.67285
23.65192
24.23478
18.2338
11.58853
5.368039
5.986673
16.6538
41.11961
73.01081
104.0018
141.6921
185.6657
226.3414
262.3398
288.6993
307.3687
322.2769
315.8561
288.6733
250.9385
201.0779
153.4369
113.211
75.56616
42.48992
30.62348
24.36348
26.36644
35.85154
52.8724
72.21952
89.43856
104.1525
109.808
117.5051
121.0575
119.7315
118.205
113.5388
107.0787
92.02917
71.75527
49.00466
30.30303
19.80682
20.99277
33.76482
55.33947
93.67091
143.4711
202.0213
262.8638
319.3083
374.1306
413.9848
417.8733
407.0799
385.1573
348.85
306.069
259.7614
205.8704
152.7962
111.0178
74.18387
37.60211
16.78477
7.367017
6.893386
13.32696
22.31056
29.56169
32.14115
26.64595
21.9119
14.07649
2.822074
0
0
0
0
0.8196355
2.423027
3.911377
6.032922
7.867701
8.538885
7.361587
4.818154
2.380525
1.13727
1.074463
0.8871396
0.5184534
0.05125248
0
0
0
0
0
0
0
0
0
0
0
1.297888
3.496001
3.834824
3.106041
2.770464
2.899209
2.977406
4.492348
5.400063
5.753525
5.845768
6.589905
10.98479
12.09949
8.635456
6.48463
4.111858
1.706575
0
0
1.046921
5.256845
11.60025
14.99186
13.28548
9.588256
7.01965
9.438388
18.94831
42.43525
78.60289
111.2874
150.3692
196.066
240.5034
282.4927
311.5975
330.0112
335.1203
318.4594
281.0513
231.2215
182.1187
135.626
97.62109
66.69054
44.93854
37.48989
36.96329
43.77326
55.07809
66.51315
72.64361
69.97898
60.72678
48.93895
38.95382
36.09868
36.72011
42.33397
53.1179
65.1531
71.88035
70.41511
61.14937
47.42454
35.27006
28.62305
34.67406
51.44149
82.77108
127.2859
173.5524
232.9664
292.3922
349.4735
398.152
421.3648
423.0514
396.6154
359.6328
316.8364
270.0314
217.2175
161.5795
116.725
76.60582
40.45919
22.01176
11.93
8.398497
11.60563
14.01652
14.90572
12.53378
7.994381
4.943731
2.702497
0.3797399
0
0
1.047802
5.428004
10.34356
10.73814
10.42518
12.36932
13.84733
13.34288
11.0036
8.913682
6.675474
3.796049
2.980449
2.807928
2.613783
3.210581
2.922972
3.445998
5.050293
6.885384
0
0
0
0
0
0
0
0
0
0
0
0
0
0
0
0
0
1.579108
5.093521
6.802531
9.618306
12.6238
10.25409
9.021303
6.211458
1.958496
0.5202278
0
0.001877729
2.61466
6.203379
5.432028
3.891792
2.799035
4.964062
14.82409
39.9285
77.13722
114.1809
156.7568
199.9999
238.846
274.048
297.8728
311.9175
315.8256
300.9294
265.1261
217.241
167.621
120.5774
87.56524
61.81302
43.4416
39.90565
41.65553
50.82743
59.85045
63.08894
58.29181
43.21995
26.01742
12.58858
4.469792
0.5040039
0.467004
4.635888
14.45001
27.5249
45.70331
57.98382
57.13296
52.12783
44.0674
34.58042
33.43633
46.41295
73.233
108.494
155.8882
215.9146
271.1792
326.0485
376.0795
399.0348
403.0182
384.1734
358.2691
319.6259
274.1242
224.8682
167.8342
118.2951
69.7026
33.14383
14.83297
5.246387
3.252613
4.714002
4.680341
3.58448
2.797715
1.90771
2.561982
2.959619
4.054756
5.326917
6.822707
7.753422
11.80227
15.6822
16.38985
16.11171
14.11811
12.1682
9.874898
7.734634
4.978163
2.749387
0.771504
0.4234662
0.08891285
0.1852589
0.5779935
1.612453
2.809447
3.09665
3.793808
0
0
0
0
0
0
0
0
0
0
0.2275383
0.4272025
0.7149989
0.7977159
0
0
0
0.8994362
3.276837
5.001035
4.983722
7.002452
10.55527
8.739185
8.022993
9.859764
6.476256
3.086311
0.9710702
0.9243411
2.868225
4.304844
2.279656
1.718563
3.07832
9.284477
32.80958
70.06533
105.6109
144.2387
185.7526
218.9699
245.0589
267.6136
278.0068
280.0644
267.3023
237.3637
198.802
155.8646
109.3731
76.34912
55.38284
40.10828
38.19997
43.46388
50.1043
52.69922
46.19733
36.14492
21.74977
6.694424
2.226479
0.9962179
2.886695
4.40463
3.235862
2.720559
9.657983
22.79364
36.41926
47.0361
49.45099
42.9012
37.37556
35.24126
40.35704
61.37651
97.23602
141.9307
197.7498
247.6408
293.7908
329.5734
343.7602
348.186
341.4804
320.2469
286.5056
249.5286
201.9169
148.0171
103.6755
63.64487
25.63846
8.688794
1.252046
0.5188375
1.921049
3.078518
2.665546
1.646066
1.278547
2.626539
4.732044
5.92585
6.254245
9.647464
12.76298
14.71443
16.33749
15.34473
14.74495
11.9918
8.783545
7.471877
4.525186
3.383364
1.359074
0.2688802
0.1154884
0.4490785
0.6329769
0.4389792
0.3353371
0.3587228
0.5059492
1.054457
0
0
0
0
0
0
0
0
0
0
0
0.1247316
0.1760223
0
0
0
0
0
0.641805
2.866824
4.272386
4.39575
5.430644
6.145131
6.859591
5.61604
4.640012
5.413029
5.495254
4.534827
5.089678
4.583022
2.84537
0.7834658
1.544622
6.934126
24.80711
55.93041
88.91396
127.4744
166.1818
196.9654
221.0543
236.9867
246.2472
247.6158
240.8047
220.1516
186.4095
149.0463
111.147
81.20256
57.24806
43.70575
40.18626
42.27623
43.7167
40.4348
34.41859
27.17912
17.51038
6.907559
5.077099
10.38413
17.81667
16.00321
11.8293
9.843202
11.61134
20.41198
30.61796
35.99029
39.3033
39.14077
36.79648
38.97683
48.27272
68.49487
98.76691
137.2864
185.2644
228.1181
264.672
293.6345
305.4326
309.9852
303.6978
284.6875
255.895
222.5477
178.2268
128.7265
89.25589
55.24698
23.79416
8.552281
1.570695
3.910875
6.225063
6.656753
10.07103
9.406307
4.799572
5.175326
5.370545
5.695557
6.046962
7.814507
9.628926
9.126382
11.8863
12.15123
10.34216
9.270163
6.716929
3.230595
1.834042
1.374274
0.5447746
0.2633627
0
0
0
0
0
0
0
0
0
0
0
0
0
0
0
0
0
0
0
0
0
0
0
0
0
0
0
0
0.07458659
1.306039
2.315592
1.194796
1.229596
1.537588
2.085163
4.192325
5.973825
7.845467
9.499862
9.576524
7.06539
4.371201
3.620937
6.65049
17.4896
38.96683
66.38299
97.98051
128.2605
156.8
176.1047
187.6216
202.2843
205.7859
199.507
184.451
162.1281
137.4143
109.4683
86.67606
63.44952
47.17301
42.02992
38.52621
35.39487
31.82924
28.54047
25.51111
22.88338
21.58702
22.11757
26.61015
32.13992
33.17261
30.34764
29.42483
29.08212
28.38326
29.50715
30.37924
32.54982
35.40449
37.34331
40.43712
52.33655
72.51823
98.70469
129.807
164.3039
195.3466
222.7341
243.096
252.973
253.9657
248.1765
232.3793
206.3062
177.6621
141.3653
102.2133
71.90437
44.18077
20.09346
11.69812
7.505651
8.811483
13.13867
13.201
13.35887
13.63968
12.15725
7.632686
3.398497
0.2303415
0.02368553
0.06499359
0.08113172
0.7466688
4.021466
5.726115
4.961433
6.619164
4.910442
1.828746
0
0
0
0
0
0
0
0
0
0
0
0
0
0
0
0
0
0
0
0
0
0
0
0
0
0
0
0
0
0
0
0
0
0
0.06470912
0.1878923
0.4877817
0.5288771
0.1110588
1.783125
5.068395
9.093449
11.40302
10.23453
12.5471
13.18094
11.86921
11.70067
18.32648
33.15062
48.51993
69.05309
89.17731
108.42
124.4759
137.2521
147.0771
148.2819
144.9015
142.3816
132.5693
117.8006
99.54897
82.06602
66.43734
50.50302
41.86551
37.92551
36.80722
35.81497
37.24452
39.31754
43.7202
49.94372
53.39548
58.10969
62.04203
63.78101
62.30881
56.92812
56.0725
49.63155
44.30581
42.81555
39.06991
37.62986
41.51836
49.13101
58.10116
74.46878
93.45441
110.2293
135.4313
158.7982
172.6963
182.1921
188.1674
189.2749
178.3462
163.3236
145.4626
120.1633
95.69459
73.14913
53.89271
36.53739
27.38796
21.15555
17.37874
17.94358
17.04047
16.66085
14.13595
12.02381
9.375039
7.581373
4.230085
0.4126193
0.06609048
0.2197574
0.4052895
0.4445991
0.5749593
1.481243
3.036111
3.273425
1.334807
0.226223
0
0
0
0
0
0
0
0
0
0
0
0
0
0
0
0
0
0
0
0
0
0
0
0
0
0
0
0
0
0.6422049
1.828009
2.184382
4.106196
7.56483
8.139941
8.535529
7.926241
4.638599
3.689169
4.506694
7.488035
10.45049
11.10561
12.35784
14.57231
15.16821
18.49724
21.09309
24.76662
32.65816
39.29652
49.69919
62.1026
74.19477
81.58605
84.80699
90.76853
96.27919
94.53476
93.28951
89.73538
82.64408
74.25762
65.666
57.70671
51.72798
51.53604
53.71817
53.12166
56.28314
63.27777
67.43822
73.33138
80.81571
85.43996
90.49332
96.16511
98.74795
97.31363
92.42646
87.66855
78.89786
69.83951
63.75272
63.52749
64.17972
62.22253
62.12482
65.16068
71.77131
79.47571
87.72835
99.87455
108.2061
114.5288
119.2727
119.3875
119.6891
115.1507
106.7284
96.74617
82.66069
72.14093
60.21861
52.0903
44.24834
35.07289
30.86143
26.48911
23.71002
21.39031
19.05325
16.94557
14.78681
12.08684
9.229434
8.75905
7.845808
8.173783
7.984603
7.780844
8.759741
9.551577
10.02558
8.569415
10.22035
8.808802
5.747398
5.953917
4.44453
3.564973
1.579666
0.2738282
0
0
0
0
0
0
0
0
0
0
0
0
0
0
0
0
0
0
0
0
0
0
0
1.240118
4.417676
6.811672
6.392854
6.465565
8.861697
8.911613
7.505113
7.845681
8.17438
5.260082
3.131298
3.306124
5.819877
6.129961
5.398636
5.923571
9.676474
14.25399
19.50752
24.9793
33.51137
42.28018
49.58271
55.78018
63.04511
63.27512
61.48643
59.277
53.93228
48.7243
45.60075
43.11503
39.61295
37.02092
39.67769
43.90988
48.12632
56.94394
64.9563
66.50026
71.87641
78.67629
82.87621
86.21767
90.24723
92.38096
93.15882
93.52012
93.30853
98.2624
95.16836
92.69438
88.1852
86.33304
85.86918
82.99008
81.86147
73.83135
67.53809
62.27493
54.75876
47.87696
45.31819
45.29616
50.84475
58.45925
65.09876
70.56333
77.99754
82.49301
82.27115
82.4442
77.27476
66.33443
59.18236
52.08948
41.10055
32.23327
25.60016
20.12762
16.0417
13.52172
12.35194
11.17673
8.941838
9.144912
9.306436
6.758598
7.676786
11.49438
11.01934
10.23149
10.85641
12.24906
13.49154
13.58414
11.91051
11.36369
9.790648
7.412523
5.840328
5.617989
3.536108
2.601214
0.8785409
0
0
0
0
0
0
0
0
0
0
0
0
0
0.1265819
1.483873
2.707757
1.888905
1.662247
2.344843
2.860191
2.101566
1.189662
0.266599
1.609613
5.015022
6.435909
6.702506
8.938323
9.453482
7.696707
7.298092
4.662128
3.770345
4.596987
3.635058
1.938509
2.100228
2.956118
2.934934
3.32372
6.024888
11.81164
19.97055
33.44508
48.47968
61.90415
71.05155
75.32292
73.97453
67.14458
58.37797
45.90434
34.3742
26.38232
17.10609
11.89781
13.11193
18.16121
27.81211
40.83414
52.36295
66.56746
74.44475
77.30124
82.78106
82.18173
79.9808
78.44852
78.97336
79.76777
80.11289
78.92412
78.87807
78.60351
80.73925
85.1816
90.54536
88.11144
87.96138
86.94823
74.55029
60.23581
48.52331
34.3612
22.98534
17.68609
16.52569
18.85815
28.26748
42.8969
54.98285
72.59801
87.2134
92.74158
97.73515
93.21583
79.61826
66.85791
53.44124
38.0586
23.26629
15.26642
10.4572
5.072095
3.908326
3.850679
5.823977
5.758483
5.945049
5.360649
5.576081
5.567495
3.684579
5.917662
8.163439
10.19594
12.68279
13.51133
13.7459
14.36633
11.93348
11.49364
11.18324
8.059856
4.421571
2.875756
3.129883
3.542651
2.825965
2.754445
1.929931
0
0
0
0
0
0
0
0
0
0
1.856079
4.236547
2.580477
2.030549
3.799119
3.30861
2.473622
2.217472
3.811672
5.083047
5.649362
7.149872
5.355162
5.184859
7.274174
8.716819
7.858044
3.629217
2.90295
2.842886
1.526894
2.223009
2.834327
2.314704
1.967157
1.044655
0
1.534086
6.451226
15.45392
29.11443
45.18668
62.86934
78.28466
82.41647
78.63059
74.00518
61.49375
46.80513
35.52062
21.61438
11.59508
5.750636
2.155232
3.500628
12.21619
25.56925
37.14401
52.06094
64.97545
72.1612
74.02721
70.61752
69.28967
67.82971
63.92417
65.32563
65.81196
63.44658
65.45045
67.69107
70.01939
75.62716
81.07832
80.61107
79.24773
73.54129
61.60089
43.37917
29.1396
14.93971
8.316242
6.861364
8.221524
14.76472
24.7766
40.30399
54.99738
73.92374
93.27781
103.4838
104.8017
98.75574
82.11087
62.50594
46.90793
28.8802
14.46159
7.610718
4.231132
2.795371
2.561605
2.648169
2.476738
4.601274
6.469764
6.561344
4.660592
4.378311
5.367564
3.967287
6.20448
7.831028
9.721936
12.22786
13.86507
14.20507
13.53006
10.339
6.13094
5.650522
6.74653
7.339895
5.807911
4.466888
3.563962
3.737822
4.730906
2.904506
0.6857754
0
0
0
0.1952391
0
0
0
0
0
1.24318
4.026743
5.418532
4.778462
3.886591
3.27743
3.059528
3.351967
2.897149
4.156965
4.662387
4.249757
6.319258
8.18961
9.014083
4.996834
1.658966
0
0
0
0
0
0
0
0
0
0
1.89883
9.724687
21.31994
32.05773
47.67715
66.17876
76.19021
78.3011
73.49594
60.42901
46.84695
35.35252
19.93539
11.98255
6.927939
2.387714
1.474598
4.663235
14.65533
24.98655
36.43222
51.75002
59.59675
63.70295
67.19148
69.9471
71.91952
73.77483
74.01393
73.5907
74.27979
75.62654
76.4713
76.66687
77.96737
75.75143
70.84784
66.11164
57.43382
43.03276
25.40564
14.12417
6.834522
3.133735
4.55606
8.600282
13.97169
24.35807
38.24967
55.66667
74.78874
89.13662
93.24907
89.90674
82.53915
68.20497
47.40406
33.10243
20.29135
8.562726
3.60175
0.9076675
0
0.07022084
1.328449
3.488291
4.915617
6.028151
6.580435
6.00924
3.957493
3.329256
3.491024
4.553796
6.124298
8.875637
13.05693
13.99581
13.99721
11.30427
7.622975
6.74039
8.355154
7.26645
5.098623
4.079152
4.229154
4.996217
3.464103
2.162685
1.084503
0.2913819
0
0
0
2.4982
3.300457
3.633931
3.224709
3.375692
5.309835
5.597115
4.029248
3.814735
4.952242
4.148234
4.54863
5.103685
3.2156
3.031359
4.768494
5.295983
5.264454
5.497865
5.926738
6.490845
6.341612
4.589226
2.307169
3.324585
4.58102
4.741564
3.724047
2.194039
3.374024
2.938933
1.888441
1.803366
2.548307
3.244536
8.735433
16.95259
28.27166
41.09148
48.98114
51.40828
50.35082
47.67318
38.56753
27.75303
19.36112
15.26829
11.62669
6.230778
2.528394
2.783887
6.39898
12.32868
21.96371
33.80682
44.79313
55.11382
64.04889
73.68734
84.32964
89.81768
95.67022
97.94141
95.8278
94.95152
94.02661
91.03162
81.73962
71.50527
61.9351
49.18403
37.78546
26.45508
16.07006
7.593827
2.132121
2.993801
4.96283
9.100071
14.91508
23.50101
35.95917
44.07626
54.63516
62.84929
61.84329
58.57137
53.28694
41.54321
29.54107
19.71806
11.91554
5.0937
3.239888
1.806483
1.826757
3.04355
4.168872
4.308809
5.850492
6.904287
6.848594
6.525422
4.886378
3.327673
4.597856
7.348611
9.500145
9.032512
10.32951
11.69775
10.20336
10.57198
10.8629
8.420417
7.413625
6.40232
7.289134
8.458186
7.195181
4.583308
3.492801
4.996415
6.464494
4.931431
1.676995
0
0
0
0
0
0
0.2834631
0.4725573
0.6775267
0.945118
0.4522798
0.3929525
0.3229823
1.027495
2.585667
3.246912
1.83027
2.36485
3.058653
2.943722
3.998646
5.01767
5.908424
4.883004
3.656097
5.344144
3.578265
1.164984
1.092789
1.262311
1.010058
0.3029689
0.00526811
0.6108363
1.650759
2.05723
2.076794
4.321061
10.38773
13.56822
17.42492
24.08968
24.70339
24.0464
21.96399
20.3354
18.19828
14.37911
11.13038
6.537024
2.954075
0.7886433
0.823971
0.8861705
2.730315
10.41554
20.28918
29.99476
45.03346
61.94215
78.27316
94.5537
103.8811
111.5688
120.5983
119.9845
116.5687
111.9209
102.3712
85.36428
69.18858
51.63579
34.36495
23.07776
12.27831
4.102722
1.574028
0.07878182
0.6129321
2.616453
6.684165
11.99588
15.75355
19.29782
24.91699
29.96721
32.06687
30.53144
27.38808
21.61059
19.12891
13.93764
10.01852
6.203231
1.728395
0.289772
0.04302426
0.9635608
2.398223
2.22019
3.256272
4.914238
4.252647
4.978251
5.288046
4.326735
4.779553
5.764035
6.184948
5.275314
6.16539
8.338295
10.91855
7.904184
6.139878
5.287936
4.907757
5.210179
5.47982
5.05399
3.675691
4.074358
3.01548
3.086775
4.048962
3.774552
2.820021
3.55686
0
0
0
0
0
0
0
0
0
0.07888719
0.3463886
0.3346127
0.2892835
1.514379
3.507929
5.372289
5.323705
3.460496
3.364489
3.760669
5.335755
8.722627
9.167995
7.159655
6.142905
7.300986
7.11212
5.296286
3.398607
3.851916
2.9529
2.977093
1.848195
1.477028
4.464919
7.594981
8.791961
10.4686
9.958512
8.348876
5.936472
8.69411
10.17037
7.289414
8.094026
8.023631
7.81731
8.703076
8.068205
4.289588
3.695909
2.391857
0
0
0.5212406
5.293962
13.52768
22.77817
39.10499
56.55872
72.79729
91.18771
104.6318
115.1883
122.0227
123.6024
121.5813
111.4044
101.5311
84.62277
62.21653
41.34921
26.01444
14.41643
9.945436
4.422871
0.07888719
0.1931042
2.049282
4.916416
5.429463
7.642881
11.54422
11.23053
9.816509
11.03101
9.445831
8.933174
11.28
11.59912
10.52363
12.5966
12.30755
10.7869
8.832249
6.36289
6.432649
4.19148
3.662526
2.861061
3.414317
5.184298
5.325
5.992745
7.134411
7.59907
8.465651
9.462928
9.465931
9.934481
9.975523
9.47449
8.339522
8.869164
9.786465
9.751871
8.429971
8.716377
8.283092
6.043912
3.422545
2.612292
4.293183
3.285674
3.506543
4.093657
3.528339
2.25381
0
0
0
0
0
0
0
0
0
0
0
0
0
0
0
0
0
0
0
0
0.001549449
1.544163
3.157672
2.515058
2.429756
2.841792
3.315661
2.31873
1.444878
0.1965399
0.3662018
0.587482
0.6068725
1.715632
2.631474
3.093618
5.182238
6.296281
6.048843
6.854614
5.917075
1.707497
0.07336838
0
0
0
0
0
0
0
0
0
0
0
0
1.456229
5.914744
13.80188
25.53885
38.4631
54.83764
73.77408
86.70986
100.3427
109.0694
107.3587
105.5506
93.91321
79.74807
59.49773
41.53589
28.13391
14.94142
8.64897
3.257552
0
0
0
0.001549449
0.155057
1.626407
3.434153
2.854607
2.072464
1.537116
0.9203546
0.9934029
1.900181
4.498757
5.119119
6.865336
10.15561
9.287848
6.976436
5.342185
1.838587
0.3580955
0
0
0
0
0.2866032
1.522604
3.322696
4.260512
5.24038
6.332511
5.284691
3.657649
3.760927
5.20791
5.271033
4.538087
4.094939
3.983827
4.415916
3.26144
0.4044567
0
0
0
0
0
0
0
0
0
0
0
0
0
0
0
0
0
0
0
0
0
0
0
0
0
0
0
0
0
0
0
0
0
0
0
0
0
0
0
0
0
0
0
0
0
0.02095637
2.063719
6.512991
8.726342
7.411727
5.744254
3.424518
0
0
0
0
0
0
0
0
0
0
0
0
0
0.01016025
2.321876
8.167235
17.02071
29.4394
42.84298
58.02024
71.10909
82.95036
91.30086
91.49292
86.84481
75.66148
64.68147
47.86334
32.2054
19.79957
8.591781
3.834358
2.346013
0
0
0
0
0
0
0
0
0
0
0
0
0.000153693
1.046671
4.607125
7.790474
7.10519
5.953676
3.744002
0.01821266
0
0
0
0
0
0
0.3134097
1.870224
3.164432
2.620608
1.70152
0.5276366
0.5785821
1.566606
2.764517
3.888387
4.505409
4.332693
5.027369
4.539007
2.407326
3.318937
3.813732
1.181644
0
0
0
0
0
0
0
0
0
0
0
0
0
0
0
0
0
0
0
0
0
0
0
0
0
0
0
0
1.068323
3.288518
3.430889
3.206487
3.230162
1.453695
2.880782
4.420464
5.013769
6.229709
3.733121
0
0
0
0
0
0
0
1.178408
3.150708
4.668096
4.146176
0.7357273
0
0
0
0
0
1.329519
4.584025
6.97221
7.269053
5.278059
2.255251
1.681736
1.952168
2.714725
5.560296
8.895207
16.37192
24.52458
34.35922
48.88339
61.63234
73.09048
81.07455
81.96616
78.02985
62.94453
52.88059
43.1527
30.99185
21.54268
13.29738
9.355146
5.000002
3.697358
4.819992
7.02191
7.323877
6.743256
8.259172
7.294126
2.02923
0
0
0
0.4317819
3.394784
6.529095
5.517734
2.612243
0
0
0
0
0
0
0
0.4161779
2.555577
4.276849
3.884356
5.058794
6.179619
5.740218
4.824407
3.069337
2.817745
4.929755
3.457201
2.087096
2.550397
3.374335
4.243523
4.394395
5.126647
3.708181
1.981803
2.997475
3.380046
3.655602
4.139954
1.718133
0
0
0
0
0
0
0
0
0
0
0
0
0
0
0.2281624
1.189619
2.27449
2.39538
1.566662
0.9417973
1.82595
2.099598
1.55846
1.245194
1.1915
1.360423
1.012616
2.078086
3.548652
4.154263
3.148619
3.153277
3.242345
3.243812
3.687828
3.116938
1.225138
0
0
0
0
0
0
0
0
0
0
0
0
0
0
0
1.813611
5.284855
7.775762
8.925632
6.192295
3.69461
3.601824
3.608792
5.453297
7.235565
10.13529
15.71873
24.29669
35.41594
42.58684
50.53405
60.41209
62.95542
63.38334
60.1193
53.73352
49.23461
39.68014
27.39467
19.67932
15.69405
11.94848
9.079363
8.553722
8.45154
7.925622
9.09608
10.78317
7.048154
2.176702
0
0
0
0
0
0
0
0
0
0
0
0
0
0
0
0
0
0.5716982
3.59237
5.910839
4.343905
4.239114
4.126933
1.969546
1.195059
3.252634
4.198915
3.766563
4.022297
4.416209
6.105637
5.406739
4.177272
3.675009
2.879163
2.617401
1.417149
0
0
0
0
0
0
0
0
0
0
0
0
0
0
0
0
0
0
0
0
0
0
0
0
0
0
0
0
0
0
0
0
0
0
0
0
0
0
0
0
0
0
0
0
0
0
0
0
0
0
0
0
0
0
0
0
0
0
0.1335134
0.650663
0.6523279
0
0.7252354
2.838326
5.34124
9.188425
13.05009
16.76161
21.9229
25.77062
31.07564
35.88932
39.8186
39.83643
42.5498
42.97012
38.98954
36.53543
33.10324
24.0924
18.00582
16.20537
10.98823
7.903066
6.712497
4.084253
4.435121
5.209296
2.819858
0.002850136
0
0
0
0
0
0
0
0
0
0
0
0
0
0
0
0
0
0
0
0
0
0
0
0
0
0
0
0
0
0
0
0
0
0
0
0
0
0
0
0
0
0
0
0
0
0
0
0
0
0
0
0
0
0
0
0
0
0
0
0
0
0
0
0
0
0
0
0
0
0
0
0
0
0
0
0
0
0
0
0.07374399
1.11642
3.273692
4.736263
4.315645
3.675601
4.512631
3.229242
0.7195663
0
0
0
0
0
0
0
0
0
0
0
0
0.8678791
3.331159
5.84745
9.8025
14.15001
15.46878
18.30019
20.72598
22.13124
23.0186
23.81356
26.15915
25.98436
24.78133
24.138
26.2777
25.26472
21.51112
19.2907
16.56005
13.89263
9.87132
6.823985
5.213774
2.895293
1.200236
0
0
0
0
0
0
0
0
0
1.156262
4.757968
6.758473
4.663817
4.423213
5.658595
5.074025
4.265996
2.856534
1.429793
0
0
0
0
0
0
0
0
0
0
0
0
0
0
0
0
0
0
0
0
0
0
0
0
0
0
0
0
0
0
0
0
0
0
0
0
0
0
0
0
0
0
0
0
0
0
0
0
0
0
0
0
0
0
0
0
0
0
0
0
0
0
0
0.05169767
1.10118
3.271772
3.639719
3.269819
4.09555
2.4943
0.3100973
0.002386452
0
0
0
0
0
0
0
0
0
0
0
0
0.8531076
2.481304
3.581097
5.670484
8.097626
9.096107
10.26245
10.57759
11.73268
13.3067
11.83692
12.28744
11.59157
12.09555
13.86217
14.2429
12.68959
11.25397
10.34052
6.859685
2.689788
0.3084062
0.2769441
0.5026181
0.1577622
0
0
0
0
0
0
0
0
0.1117923
1.042393
2.471367
4.034263
6.757434
7.73241
6.328771
5.514241
4.696292
2.633999
0.396265
0
0
0
0
0
0
0
0
0
0
0
0
0
0
0
0
0
0
0
0
0
0
0
0
0
0
0
0
0
0
0
0
0
0
0
0
0
0
0
0
0
0
0
0
0
0
0
0
0
0
0
0
0
0
0
0
0
0
0
0
0
0
0
0
0
0.59913
3.692027
7.59306
8.272339
7.347358
5.096644
2.804432
2.109868
0.6308193
0
0
0
0
0
0
0
0
0
0
0.300139
1.145992
2.077788
3.979659
7.098392
9.375456
11.63422
11.48234
11.0309
15.41228
16.04462
15.24767
15.61669
15.26171
14.712
12.66666
12.65305
10.44125
6.32403
5.200529
3.39845
0.5737569
0.4425858
0.5434653
0.4687175
0.6969699
0.9436989
0.5551252
0.5280968
0.4467121
0.3698699
0.7083292
0.6643183
1.237087
4.12503
6.954417
8.151538
9.194457
8.784973
8.267827
9.236708
8.508027
5.679707
3.756164
0.5290432
0
0
0
0
0
0
0
0
0
0
0
0
0
0
0
0
0
0
0
0
0
0
0
0
0
0
0
0
0
0
0
0
0
0
0
0
0
0
0
0
0
0
0
0
0
0
0
0
0
0
0
0
0
0
0
0
0
0
0
0
0
0
0
0
0
0
0
0
0
0
0
0
0
0
0
0
0
0
0
0
0
0
0
0
0
0
0
0.5903686
2.332858
4.767897
6.894641
7.842689
10.1118
12.85028
13.47691
13.13535
10.66412
9.739308
8.001457
4.753909
2.424364
0
0
0
0
0
0
0
0
0
0
0
0
0
0
0
0
0
0
0
0.09948276
0.1908847
0.07125728
0
0
0
0
0
0
0
0
0
0
0
0
0
0
0
0
0
0
0
0
0
0
0
0
0
0
0
0
0
0
0
0
0
0
0
0
0
0
0
0
0
0
0
0
0
0
0
0
0
0
0
0
0
0
0
0
0
0
0
0
0
0
0
0
0
0
0
0
0
0
0
0
0
0
0
0
0
0
0
0
0
0
0
0
0
0
0
0
0
0
0
0
0
0.6676888
4.474597
7.811415
8.203202
11.17007
12.44284
11.25169
10.87045
10.59816
7.112884
4.911251
2.347927
0
0
0
0
0
0
0
0
0
0
0
0
0
0
0
0
0
0
0
0
0
0
0
0
0
0
0
0
0
0
0
0
0
0
0
0
0
0
0
0
0
0
0
0
0
0
0
0
0
0
0
0
0
0
0
0
0
0
0
0
0
0
0
0
0
0
0
0
0
0
0
0
0
0
0
0
0
0
0
0
0
0
0
0
0
0
0
0
0
0
0
0
0
0
0
0
0
0
0
0
0
0
0
0
0
0
0
0
0
0
0
0
0
0
0
0
0
1.454928
3.304444
3.708119
5.715312
7.717437
8.501992
7.684602
5.570867
3.537466
2.393636
3.139812
4.202985
2.253463
0
0
0
0
0
0
0
0
0
0
0
0
0
0
0
0
0
0
0
0
0
0
0
0
0
0
0
0
0
0
0
0
0
0
0
0
0
0
0
0
0
0
0
0
0
0
0
0
0
0
0
0
0
0
0
0
0
0
0
0
0
0
0
0
0
0
0
0
0
0
0
0
0
0
0
0
0
0
0
0
0
0
0
0
0
0
0
0
0
0
0
0
0
0
0
0
0
0
0
0
0
0
0
0
0
0
0
0
0
0
0
0
0
0
0
0.07897168
0.1898671
0.2675656
0.5305284
1.198095
1.682075
1.01156
0.2199566
0.005443407
0.007124335
0.003469448
0.00157627
0
0
0
0
0
0
0
0
0
0
0
0
0
0
0
0
0.03065339
0.06379746
0.02898502
0
0
0
0
0
0
0
0
0
0
0
0
0
0
0
0
0
0
0
0
0
0
0
0
0
0
0
0
0
0
0
0
0
0
0
0
0
0
0
0
0
0
0
0
0
0
0
0
0
0
0
0
0
0
0
0
0
0
0
0
0
0
0
0
0
0
0
0
0
0
0
0
0
0
0
0
0
0
0
0
0
0
0
0
0
0
0
0
0
0
0
0
0
0
0
0
0
0
0
0
0
0
0
0
0
0
0
0
0
0
0
0
0
0
0
0
0
0
0
0
0
0
0
0
0.6443014
2.169434
3.515127
3.095196
0.9092433
0
0
0
0
0
0
0
0
0
0
0
0
0
0
0
0
0
0
0
0
0
0
0
0
0
0
0
0
0
0
0
0
0
0
0
0
0
0
0
0
0
0
0
0
0
0
0
0
0
0
0
0
0
0
0
0
0
0
0
0
0
0
0
0
0
0
0
0
0
0
0
0
0
0
0
0
0
0
0
0
0
0
0
0
0
0
0
0
0
0
0
0
0
0
0
0
0
0
0
0
0
0
0
0
0
0
0
0
0
0
0
0
0
0
0
0
0
0
0
0
0
0
0
0
0
0
0
0
0
0
0
0
0
0
0
0
0
0
0
0
0
0
0
0
0
0
0
0
0
0
0
0
0
0
0
0
0
0
0
0
0
0
0
0
0
0
0
0
0
0
0
0
0
0
0
0
0
0
0
0
0
0
0
0
0
0
0
0
0
0
0
0
0
0
0
0
0
0
0
0
0
0
0
0
0
0
0
0
0
0
0
0
0
0
0
0
0
0
0
0
0
0
0
0
0
0
0
0
0
0
0
0
0
0
0
0
0
0
0
0
0
0
0
0
0
0
0
0
0
0
0
0
0
0
0
0
0
0
0
0
0
0
0
0
0
0
0
0
0
0
0
0
0
0
0
0
0
0
0
0
0
0
0
0
0
0
0
0
0
0
0
0
0
0
0
0
0
0
0
0
0
0
0
0
0
0
0
0
0
0
0
0
0
0
0
0
0
0
0
0
0
0
0
0
0
0
0
0
0
0
0
0
0
0
0
0
0
0
0
0
0
0
0
0
0
0
0
0
0
0
0
0
0
0
0
0
0
0
0
0
0
0
0
0
0
0
0
0
0
0
0
0
0
0
0
0
0
0
0
0
0
0
0
0
0
0
0
0
0
0
0
0
0
0
0
0
0
0
0
0
0
0
0
0
0
0
0
0
0
0
0
0
0
0
0
0
0
0
0
0
0
0
0
0
0
0
0
0
0
0
0
0
0
0
0
0
0
0
0
0
0
0
0
0
0
0
0
0
0
0
0
0
0
0
0
0
0
0
0
0
0
0
0
0
0
0
0
0
0
0
0
0
0
0
0
0
0
0
0
0
0
0
0
0
0
0
0
0
0
0
0
0
0
0
0
0
0
0
0
0
0
0
0
0
0
0
0
0
0
0
0
0
0
0
0
0
0
0
0
0
0
0
0
0
0
0
0
0
0
0
0
0
0
0
0
0
0
0
0
0
0
0
0
0
0
0
0
0
0
0
0
0
0
0
0
0
0
0
0
0
0
0
0
0
0
0
0
0
0
0
0
0
0
0
0
0
0
0
0
0
0
0
0
0
0
0
0
0
0
0
0
0
0
0
0
0
0
0
0
0
0
0
0
0
0
0
0
0
0
0
0
0
0
0
0
0
0
0
0
0
0
0
0
0
0
0
0
0
0
0
0
0
0
0
0
0
0
0
0
0
0
0
0
0
0
0
0
0
0
0
0
0
0
0
0
0
0
0
0
0
0
0
0
0
0
0
0
0
0
0
0
0
0
0
0
0
0
0
0
0
0
0
0
0
0
0
0
0
0
0
0
0
0
0
0
0
0
0
0
0
0
0
0
0
0
0
0
0
0
0
0
0
0
0
0
0
0
0
0
0
0
0
0
0
0
0
0
0
0
0
0
0
0
0
0
0
0
0
0
0
0
0
0
0
0
0
0
0
0
0
0
0
0
0
0
0
0
0
0
0
0
0
0
0
0
0
0
0
0
0
0
0
0
0
0
0
0
0
0
0
0
0
0
0
0
0
0
0
0
0
0
0
0
0
0
0
0
0
0
0
0
0
0
0
0
0
0
0
0
0
0
0
0
0
0
0
0
0
0
0
0
0
0
0
0
0
0
0
0
0
0
0
0
0
0
0
0
0
0
0
0
0
0
0
0
0
0
0
0
0
0
0
0
0
0
0
0
0
0
0
0
0
0
0
0
0
0
0
0
0
0
0
0
0
0
0
0
0
0
0
0
0
0
0
0
0
0
0
0
0
0
0
0
0
0
0
0
0
0
0
0
0
0
0
0
0
0
0
0
0
0
0
0
0
0
0
0
0
0
0
0
0
0
0
0
0
0
0
0
0
0
0
0
0
0
0
0
0
0
0
0
0
0
0
0
0
0
0
0
0
0
0
0
0
0
0
0
0
0
0
0
0
0
0
0
0
0
0
0
0
0
0
0
0
0
0
0
0
0
0
0
0
0
0
0
0
0
0
0
0
0
0
0
0
0
0
0
0
0
0
0
0
0
0
0
0
0
0
0
0
0
0
0
0
0
0
0
0
0
0
0
0
0
0
0
0
0
0
0
0
0
0
0
0
0
0
0
0
0
0
0
0
0
0
0
0
0
0
0
0
0
0
0
0
0
0
0
0
0
0
0
0
0
0
0
0
0
0
0
0
0
0
0
0
0
0
0
0
0
0
0
0
0
0
0
0
0
0
0
0
0
0
0
0
0
0
0
0
0
0
0
0
0
0
0
0
0
0
0
0
0
0
0
0
0
0
0
0
0
0
0
0
0
0
0
0
0
0
0
0
0
0
0
0
0
0
0
0
0
0
0
0
0
0
0
0
0
0
0
0
0
0
0
0
0
0
0
0
0
0
0
0
0
0
0
0
0
0
0
0
0
0
0
0
0
0
0
0
0
0
0
0
0
0
0
0
0
0
0
0
0
0
0
0
0
0
0
0
0
0
0
0
0
0
0
0
0
0
0
0
0
0
0
0
0
0
0
0
0
0
0
0
0
0
0
0
0
0
0
0
0
0
0
0
0
0
0
0
0
0
0
0
0
0
0
0
0
0
0
0
0
0
0
0
0
0
0
0
0
0
0
0
0
0
0
0
0
0
0
0
0
0
0
0
0
0
0
0
0
0
0
0
0
0
0
0
0
0
0
0
0
0
0
0
0
0
0
0
0
0
0
0
0
0
0
0
0
0
0
0
0
0
0
0
0
0
0
0
0
0
0
0
0
0
0
0
0
0
0
0
0
0
0
0
0
0
0
0
0
0
0
0
0
0
0
0
0
0
0
0
0
0
0
0
0
0
0
0
0
0
0
0
0
0
0
0
0
0
0
0
0
0
0
0
0
0
0
0
0
0
0
0
0
0
0
0
0
0
0
0
0
0
0
0
0
0
0
0
0
0
0
0
0
0
0
0
0
0
0
0
0
0
0
0
0
0
0
0
0
0
0
0
0
0
0
0
0
0
0
0
0
0
0
0
0
0
0
0
0
0
0
0
0
0
0
0
0
0
0
0
0
0
0
0
0
0
0
0
0
0
0
0
0
0
0
0
0
0
0
0
0
0
0
0
0
0
0
0
0
0
0
0
0
0
0
0
0
0
0
0
0
0
0
0
0
0
0
0
0
0
0
0
0
0
0
0
0
0
0
0
0
0
0
0
0
0
0
0
0
0
0
0
0
0
0
0
0
0
0
0
0
0
0
0
0
0
0
0
0
0
0
0
0
0
0
0
0
0
0
0
0
0
0
0
0
0
0
0
0
0
0
0
0
0
0
0
0
0
0
0
0
0
0
0
0
0
0
0
0
0
0
0
0
0
0
0
0
0
0
0
0
0
0
0
0
0
0
0
0
0
0
0
0
0
0
0
0
0
0
0
0
0
0
0
0
0
0
0
0
0
0
0
0
0
0
0
0
0
0
0
0
0
0
0
0
0
0
0
0
0
0
0
0
0
0
0
0
0
0
0
0
0
0
0
0
0
0
0
0
0
0
0
0
0
0
0
0
0
0
0
0
0
0
0
0
0
0
0
0
0
0
0
0
0
0
0
0
0
0
0
0
0
0
0
0
0
0
0
0
0
0
0
0
0
0
0
0
0
0
0
0
0
0
0
0
0
0
0
0
0
0
0
0
0
0
0
0
0
0
0
0
0
0
0
0
0
0
0
0
0
0
0
0
0
0
0
0
0
0
0
0
0
0
0
0
0
0
0
0
0
0
0
0
0
0
0
0
0
0
0
0
0
0
0
0
0
0
0
0
0
0
0
0
0
0
0
0
0
0
0
0
0
0
0
0
0
0
0
0
0
0
0
0
0
0
0
0
0
0
0
0
0
0
0
0
0
0
0
0
0
0
0
0
0
0
0
0
0
0
0
0
0
0
0
0
0
0
0
0
0
0
0
0
0
0
0
0
0
0
0
0
0
0
0
0
0
0
0
0
0
0
0
0
0
0
0
0
0
0
0
0
0
0
0
0
0
0
0
0
0
0
0
0
0
0
0
0
0
0
0
0
0
0
0
0
0
0
0
0
0
0
0
0
0
0
0
0
0
0
0
0
0
0
0
0
0
0
0
0
0
0
0
0
0
0
0
0
0
0
0
0
0
0
0
0
0
0
0
0
0
0
0
0
0
0
0
0
0
0
0
0
0
0
0
0
0
0
0
0
0
0
0
0
0
0
0
0
0
0
0
0
0
0
0
0
0
0
0
0
0
0
0
0
0
0
0
0
0
0
0
0
0
0
0
0
0
0
0
0
0
0
0
0
0
0
0
0
0
0
0
0
0
0
0
0
0
0
0
0
0
0
0
0
0
0
0
0
0
0
0
0
0
0
0
0
0
0
0
0
0
0
0
0
0
0
0
0
0
0
0
0
0
0
0
0
0
0
0
0
0
0
0
0
0
0
0
0
0
0
0
0
0
0
0
0
0
0
0
0
0
0
0
0
0
0
0
0
0
0
0
0
0
0
0
0
0
0
0
0
0
0
0
0
0
0
0
0
0
0
0
0
0
0
0
0
0
0
0
0
0
0
0
0
0
0
0
0
0
0
0
0
0
0
0
0
0
0
0
0
0
0
0
0
0
0
0
0
0
0
0
0
0
0
0
0
0
0
0
0
0
0
0
0
0
0
0
0
0
0
0
0
0
0
0
0
0
0
0
0
0
0
0
0
0
0
0
0
0
0
0
0
0
0
0
0
0
0
0
0
0
0
0
0
0
0
0
0
0
0
0
0
0
0
0
0
0
0
0
0
0
0
0
0
0
0
0
0
0
0
0
0
0
0
0
0
0
0
0
0
0
0
0
0
0
0
0
0
0
0
0
0
0
0
0
0
0
0
0
0
0
0
0
0
0
0
0
0
0
0
0
0
0
0
0
0
0
0
0
0
0
0
0
0
0
0
0
0
0
0
0
0
0
0
0
0
0
0
0
0
0
0
0
0
0
0
0
0
0
0
0
0
0
0
0
0
0
0
0
0
0
0
0
0
0
0
0
0
0
0
0
0
0
0
0
0
0
0
0
0
0
0
0
0
0
0
0
0
0
0
0
0
0
0
0
0
0
0
0
0
0
0
0
0
0
0
0
0
0
0
0
0
0
0
0
0
0
0
0
0
0
0
0
0
0
0
0
0
0
0
0
0
0
0
0
0
0
0
0
0
0
0
0
0
0
0
0
0
0
0
0
0
0
0
0
0
0
0
0
0
0
0
0
0
0
0
0
0
0
0
0
0
0
0
0
0
0
0
0
0
0
0
0
0
0
0
0
0
0
0
0
0
0
0
0
0
0
0
0
0
0
0
0
0
0
0
0
0
0
0
0
0
0
0
0
0
0
0
0
0
0
0
0
0
0
0
0
0
0
0
0
0
0
0
0
0
0
0
0
0
0
0
0
0
0
0
0
0
0
0
0
0
0
0
0
0
0
0
0
0
0
0
0
0
0
0
0
0
0
0
0
0
0
0
0
0
0
0
0
0
0
0
0
0
0
0
0
0
0
0
0
0
0
0
0
0
0
0
0
0
0
0
0
0
0
0
0
0
0
0
0
0
0
0
0
0
0
0
0
0
0
0
0
0
0
0
0
0
0
0
0
0
0
0
0
0
0
0
0
0
0
0
0
0
0
0
0
0
0
0
0
0
0
0
0
0
0
0
0
0
0
0
0
0
0
0
0
0
0
0
0
0
0
0
0
0
0
0
0
0
0
0
0
0
0
0
0
0
0
0
0
0
0
0
0
0
0
0
0
0
0
0
0
0
0
0
0
0
0
0
0
0
0
0
0
0
0
0
0
0
0
0
0
0
0
0
0
0
0
0
0
0
0
0
0
0
0
0
0
0
0
0
0
0
0
0
0
0
0
0
0
0
0
0
0
0
0
0
0
0
0
0
0
0
0
0
0
0
0
0
0
0
0
0
0
0
0
0
0
0
0
0
0
0
0
0
0
0
0
0
0
0
0
0
0
0
0
0
0
0
0
0
0
0
0
0
0
0
0
0
0
0
0
0
0
0
0
0
0
0
0
0
0
0
0
0
0
0
0
0
0
0
0
0
0
0
0
0
0
0
0
0
0
0
0
0
0
0
0
0
0
0
0
0
0
0
0
0
0
0
0
0
0
0
0
0
0
0
0
0
0
0
0
0
0
0
0
0
0
0
0
0
0
0
0
0
0
0
0
0
0
0
0
0
0
0
0
0
0
0
0
0
0
0
0
0
0
0
0
0
0
0
0
0
0
0
0
0
0
0
0
0
0
0
0
0
0
0
0
0
0
0
0
0
0
0
0
0
0
0
0
0
0
0
0
0
0
0
0
0
0
0
0
0
0
0
0
0
0
0
0
0
0
0
0
0
0
0
0
0
0
0
0
0
0
0
0
0
0
0
0
0
0
0
0
0
0
0
0
0
0
0
0
0
0
0
0
0
0
0
0
0
0
0
0
0
0
0
0
0
0
0
0
0
0
0
0
0
0
0
0
0
0
0
0
0
0
0
0
0
0
0
0
0
0
0
0
0
0
0
0
0
0
0
0
0
0
0
0
0
0
0
0
0
0
0
0
0
0
0
0
0
0
0
0
0
0
0
0
0
0
0
0
0
0
0
0
0
0
0
0
0
0
0
0
0
0
0
0
0
0
0
0
0
0
0
0
0
0
0
0
0
0
0
0
0
0
0
0
0
0
0
0
0
0
0
0
0
0
0
0
0
0
0
0
0
0
0
0
0
0
0
0
0
0
0
0
0
0
0
0
0
0
0
0
0
0
0
0
0
0
0
0
0
0
0
0
0
0
0
0
0
0
0
0
0
0
0
0
0
0
0
0
0
0
0
0
0
0
0
0
0
0
0
0
0
0
0
0
0
0
0
0
0
0
0
0
0
0
0
0
0
0
0
0
0
0
0
0
0
0
0
0
0
0
0
0
0
0
0
0
0
0
0
0
0
0
0
0
0
0
0
0
0
0
0
0
0
0
0
0
0
0
0
0
0
0
0
0
0
0
0
0
0
0
0
0
0
0
0
0
0
0
0
0
0
0
0
0
0
0
0
0
0
0
0
0
0
0
0
0
0
0
0
0
0
0
0
0
0
0
0
0
0
0
0
0
0
0
0
0
0
0
0
0
0
0
0
0
0
0
0
0
0
0
0
0
0
0
0
0
0
0
0
0
0
0
0
0
0
0
0
0
0
0
0
0
0
0
0
0
0
0
0
0
0
0
0
0
0
0
0
0
0
0
0
0
0
0
0
0
0
0
0
0
0
0
0
0
0
0
0
0
0
0
0
0
0
0
0
0
0
0
0
0
0
0
0
0
0
0
0
0
0
0
0
0
0
0
0
0
0
0
0
0
0
0
0
0
0
0
0
0
0
0
0
0
0
0
0
0
0
0
0
0
0
0
0
0
0
0
0
0
0
0
0
0
0
0
0
0
0
0
0
0
0
0
0
0
0
0
0
0
0
0
0
0
0
0
0
0
0
0
0
0
0
0
0
0
0
0
0
0
0
0
0
0
0
0
0
0
0
0
0
0
0
0
0
0
0
0
0
0
0
0
0
0
0
0
0
0
0
0
0
0
0
0
0
0
0
0
0
0
0
0
0
0
0
0
0
0
0
0
0
0
0
0
0
0
0
0
0
0
0
0
