128  128
0.0  3357.183
351.7723
352.418
353.0661
353.7165
354.3694
355.0246
355.6823
356.3425
357.005
357.6701
358.3376
359.0077
359.6802
360.3553
361.0329
361.713
362.3957
363.0811
363.769
364.4595
365.1526
365.8484
366.5468
367.248
367.9518
368.6583
369.3675
370.0794
370.7941
371.5116
372.2319
372.9549
373.6808
374.4095
375.141
375.8754
376.6127
377.3529
378.096
378.842
379.591
380.343
381.0979
381.8558
382.6168
383.3808
384.1479
384.918
385.6912
386.4676
387.247
388.0297
388.8154
389.6044
390.3966
391.192
391.9907
392.7926
393.5979
394.4064
395.2182
396.0334
396.852
397.674
398.4994
399.3282
400.1604
400.9962
401.8354
402.6782
403.5245
404.3744
405.2278
406.0849
406.9456
407.8099
408.678
409.5497
410.4252
411.3044
412.1874
413.0742
413.9648
414.8593
415.7576
416.6598
417.566
418.4761
419.3902
420.3083
421.2304
422.1566
423.0868
424.0212
424.9597
425.9024
426.8492
427.8003
428.7556
429.7152
430.6791
431.6474
432.62
433.597
434.5784
435.5642
436.5546
437.5495
438.5489
439.5528
440.5614
441.5747
442.5926
443.6152
444.6425
445.6746
446.7116
447.7533
448.7999
449.8515
450.9079
451.9694
453.0358
454.1073
455.1839
456.2656
457.3524
458.4445
-320
-315
-310
-305
-300
-295
-290
-285
-280
-275
-270
-265
-260
-255
-250
-245
-240
-235
-230
-225
-220
-215
-210
-205
-200
-195
-190
-185
-180
-175
-170
-165
-160
-155
-150
-145
-140
-135
-130
-125
-120
-115
-110
-105
-100
-95
-90
-85
-80
-75
-70
-65
-60
-55
-50
-45
-40
-35
-30
-25
-20
-15
-10
-5
0
5
10
15
20
25
30
35
40
45
50
55
60
65
70
75
80
85
90
95
100
105
110
115
120
125
130
135
140
145
150
155
160
165
170
175
180
185
190
195
200
205
210
215
220
225
230
235
240
245
250
255
260
265
270
275
280
285
290
295
300
305
310
315
0
0
0
0
0
0
0
0
0
0
0
0
0
0
0
0
0
0
0
0
0
0
0
0
0
0
0
0
0
0
0
0
0
0
0
0
0
0
0
0
0
0
0
0
0
0
0
0
0
0
0
0
0
0
0
0
0
0
0
0
0
0
0
0
0
0
0
0
0
0
0
0
0
0
0
0
0
0
0
0
0
0
0
0
0
0
0
0
0
0
0
0
0
0
0
0
0
0
0
0
0
0
0
0
0
0
0
0
0
0
0
0
0
0
0
0
0
0
0
0
0
0
0
0
0
0
0
0
0
0
0
0
0
0
0
0
0
0
0
0
0
0
0
0
0
0
0
0
0
0
0
0
0
0
0
0
0
0
0
0
0
0
0
0
0
0
0
0
0
0
0
0
0
0
0
0
0
0
0
0
0
0
0
0
0
0
0
0
0
0
0
0
0
0
0
0
0
0
0
0
0
0
0
0
0
0
0
0
0
0
0
0
0
0
0
0
0
0
0
0
0
0
0
0
0
0
0
0
0
0
0
0
0
0
0
0
0
0
0
0
0
0
0
0
0
0
0
0
0
0
0
0
0
0
0
0
0
0
0
0
0
0
0
0
0
0
0
0
0
0
0
0
0
0
0
0
0
0
0
0
0
0
0
0
0
0
0
0
0
0
0
0
0
0
0
0
0
0
0
0
0
0
0
0
0
0
0
0
0
0
0
0
0
0
0
0
0
0
0
0
0
0
0
0
0
0
0
0
0
0
0
0
0
0
0
0
0
0
0
0
0
0
0
0
0
0
0
0
0
0
0
0
0
0
0
0
0
0
0
0
0
0
0
0
0
0
0
0
0
0
0
0
0
0
0
0
0
0
0
0
0
0
0
0
0
0
0
0
0
0
0
0
0
0
0
0
0
0
0
0
0
0
0
0
0
0
0
0
0
0
0
0
0
0
0
0
0
0
0
0
0
0
0
0
0
0
0
0
0
0
0
0
0
0
0
0
0
0
0
0
0
0
0
0
0
0
0
0
0
0
0
0
0
0
0
0
0
0
0
0
0
0
0
0
0
0
0
0
0
0
0
0
0
0
0
0
0
0
0
0
0
0
0
0
0
0
0
0
0
0
0
0
0
0
0
0
0
0
0
0
0
0
0
0
0
0
0
0
0
0
0
0
0
0
0
0
0
0
0
0
0
0
0
0
0
0
0
0
0
0
0
0
0
0
0
0
0
0
0
0
0
0
0
0
0
0
0
0
0
0
0
0
0
0
0
0
0
0
0
0
0
0
0
0
0
0
0
0
0
0
0
0
0
0
0
0
0
0
0
0
0
0
0
0
0
0
0
0
0
0
0
0
0
0
0
0
0
0
0
0
0
0
0
0
0
0
0
0
0
0
0
0
0
0
0
0
0
0
0
0
0
0
0
0
0
0
0
0
0
0
0
0
0
0
0
0
0
0
0
0
0
0
0
0
0
0
0
0
0
0
0
0
0
0
0
0
0
0
0
0
0
0
0
0
0
0
0
0
0
0
0
0
0
0
0
0
0
0
0
0
0
0
0
0
0
0
0
0
0
0
0
0
0
0
0
0
0
0
0
0
0
0
0
0
0
0
0
0
0
0
0
0
0
0
0
0
0
0
0
0
0
0
0
0
0
0
0
0
0
0
0
0
0
0
0
0
0
0
0
0
0
0
0
0
0
0
0
0
0
0
0
0
0
0
0
0
0
0
0
0
0
0
0
0
0
0
0
0
0
0
0
0
0
0
0
0
0
0
0
0
0
0
0
0
0
0
0
0
0
0
0
0
0
0
0
0
0
0
0
0
0
0
0
0
0
0
0
0
0
0
0
0
0
0
0
0
0
0
0
0
0
0
0
0
0
0
0
0
0
0
0
0
0
0
0
0
0
0
0
0
0
0
0
0
0
0
0
0
0
0
0
0
0
0
0
0
0
0
0
0
0
0
0
0
0
0
0
0
0
0
0
0
0
0
0
0
0
0
0
0
0
0
0
0
0
0
0
0
0
0
0
0
0
0
0
0
0
0
0
0
0
0
0
0
0
0
0
0
0
0
0
0
0
0
0
0
0
0
0
0
0
0
0
0
0
0
0
0
0
0
0
0
0
0
0
0
0
0
0
0
0
0
0
0
0
0
0
0
0
0
0
0
0
0
0
0
0
0
0
0
0
0
0
0
0
0
0
0
0
0
0
0
0
0
0
0
0
0
0
0
0
0
0
0
0
0
0
0
0
0
0
0
0
0
0
0
0
0
0
0
0
0
0
0
0
0
0
0
0
0
0
0
0
0
0
0
0
0
0
0
0
0
0
0
0
0
0
0
0
0
0
0
0
0
0
0
0
0
0
0
0
0
0
0
0
0
0
0
0
0
0
0
0
0
0
0
0
0
0
0
0
0
0
0
0
0
0
0
0
0
0
0
0
0
0
0
0
0
0
0
0
0
0
0
0
0
0
0
0
0
0
0
0
0
0
0
0
0
0
0
0
0
0
0
0
0
0
0
0
0
0
0
0
0
0
0
0
0
0
0
0
0
0
0
0
0
0
0
0
0
0
0
0
0
0
0
0
0
0
0
0
0
0
0
0
0
0
0
0
0
0
0
0
0
0
0
0
0
0
0
0
0
0
0
0
0
0
0
0
0
0
0
0
0
0
0
0
0
0
0
0
0
0
0
0
0
0
0
0
0
0
0
0
0
0
0
0
0
0
0
0
0
0
0
0
0
0
0
0
0
0
0
0
0
0
0
0
0
0
0
0
0
0
0
0
0
0
0
0
0
0
0
0
0
0
0
0
0
0
0
0
0
0
0
0
0
0
0
0
0
0
0
0
0
0
0
0
0
0
0
0
0
0
0
0
0
0
0
0
0
0
0
0
0
0
0
0
0
0
0
0
0
0
0
0
0
0
0
0
0
0
0
0
0
0
0
0
0
0
0
0
0
0
0
0
0
0
0
0
0
0
0
0
0
0
0
0
0
0
0
0
0
0
0
0
0
0
0
0
0
0
0
0
0
0
0
0
0
0
0
0
0
0
0
0
0
0
0
0
0
0
0
0
0
0
0
0
0
0
0
0
0
0
0
0
0
0
0
0
0
0
0
0
0
0
0
0
0
0
0
0
0
0
0
0
0
0
0
0
0
0
0
0
0
0
0
0
0
0
0
0
0
0
0
0
0
0
0
0
0
0
0
0
0
0
0
0
0
0
0
0
0
0
0
0
0
0
0
0
0
0
0
0
0
0
0
0
0
0
0
0
0
0
0
0
0
0
0
0
0
0
0
0
0
0
0
0
0
0
0
0
0
0
0
0
0
0
0
0
0
0
0
0
0
0
0
0
0
0
0
0
0
0
0
0
0
0
0
0
0
0
0
0
0
0
0
0
0
0
0
0
0
0
0
0
0
0
0
0
0
0
0
0
0
0
0
0
0
0
0
0
0
0
0
0
0
0
0
0
0
0
0
0
0
0
0
0
0
0
0
0
0
0
0
0
0
0
0
0
0
0
0
0
0
0
0
0
0
0
0
0
0
0
0
0
0
0
0
0
0
0
0
0
0
0
0
0
0
0
0
0
0
0
0
0
0
0
0
0
0
0
0
0
0
0
0
0
0
0
0
0
0
0
0
0
0
0
0
0
0
0
0
0
0
0
0
0
0
0
0
0
0
0
0
0
0
0
0
0
0
0
0
0
0
0
0
0
0
0
0
0
0
0
0
0
0
0
0
0
0
0
0
0
0
0
0
0
0
0
0
0
0
0
0
0
0
0
0
0
0
0
0
0
0
0
0
0
0
0
0
0
0
0
0
0
0
0
0
0
0
0
0
0
0
0
0
0
0
0
0
0
0
0
0
0
0
0
0
0
0
0
0
0
0
0
0
0
0
0
0
0
0
0
0
0
0
0
0
0
0
0
0
0
0
0
0
0
0
0
0
0
0
0
0
0
0
0
0
0
0
0
0
0
0
0
0
0
0
0
0
0
0
0
0
0
0
0
0
0
0
0
0
0
0
0
0
0
0
0
0
0
0
0
0
0
0
0
0
0
0
0
0
0
0
0
0
0
0
0
0
0
0
0
0
0
0
0
0
0
0
0
0
0
0
0
0
0
0
0
0
0
0
0
0
0
0
0
0
0
0
0
0
0
0
0
0
0
0
0
0
0
0
0
0
0
0
0
0
0
0
0
0
0
0
0
0
0
0
0
0
0
0
0
0
0
0
0
0
0
0
0
0
0
0
0
0
0
0
0
0
0
0
0
0
0
0
0
0
0
0
0
0
0
0
0
0
0
0
0
0
0
0
0
0
0
0
0
0
0
0
0
0
0
0
0
0
0
0
0
0
0
0
0
0
0
0
0
0
0
0
0
0
0
0
0
0
0
0
0
0
0
0
0
0
0
0
0
0
0
0
0
0
0
0
0
0
0
0
0
0
0
0
0
0
0
0
0
0
0
0
0
0
0
0
0
0
0
0
0
0
0
0
0
0
0
0
0
0
0
0
0
0
0
0
0
0
0
0
0
0
0
0
0
0
0
0
0
0
0
0
0
0
0
0
0
0
0
0
0
0
0
0
0
0
0
0
0
0
0
0
0
0
0
0
0
0
0
0
0
0
0
0
0
0
0
0
0
0
0
0
0
0
0
0
0
0
0
0
0
0
0
0
0
0
0
0
0
0
0
0
0
0
0
0
0
0
0
0
0
0
0
0
0
0
0
0
0
0
0
0
0
0
0
0
0
0
0
0
0
0
0
0
0
0
0
0
0
0
0
0
0
0
0
0
0
0
0
0
0
0
0
0
0
0
0
0
0
0
0
0
0
0
0
0
0
0
0
0
0
0
0
0
0
0
0
0
0
0
0
0
0
0
0
0
0
0
0
0
0
0
0
0
0
0
0
0
0
0
0
0
0
0
0
0
0
0
0
0
0
0
0
0
0
0
0
0
0
0
0
0
0
0
0
0
0
0
0
0
0
0
0
0
0
0
0
0
0
0
0
0
0
0
0
0
0
0
0
0
0
0
0
0
0
0
0
0
0
0
0
0
0
0
0
0
0
0
0
0
0
0
0
0
0
0
0
0
0
0
0
0
0
0
0
0
0
0
0
0
0
0
0
0
0
0
0
0
0
0
0
0
0
0
0
0
0
0
0
0
0
0
0
0
0
0
0
0
0
0
0
0
0
0
0
0
0
0
0
0
0
0
0
0
0
0
0
0
0
0
0
0
0
0
0
0
0
0
0
0
0
0
0
0
0
0
0
0
0
0
0
0
0
0
0
0
0
0
0
0
0
0
0
0
0
0
0
0
0
0
0
0
0
0
0
0
0
0
0
0
0
0
0
0
0
0
0
0
0
0
0
0
0
0
0
0
0
0
0
0
0
0
0
0
0
0
0
0
0
0
0
0
0
0
0
0
0
0
0
0
0
0
0
0
0
0
0
0
0
0
0
0
0
0
0
0
0
0
0
0
0
0
0
0
0
0
0
0
0
0
0
0
0
0
0
0
0
0
0
0
0
0
0
0
0
0
0
0
0
0
0
0
0
0
0
0
0
0
0
0
0
0
0
0
0
0
0
0
0
0
0
0
0
0
0
0
0
0
0
0
0
0
0
0
0
0
0
0
0
0
0
0
0
0
0
0
0
0
0
0
0
0
0
0
0
0
0
0
0
0
0
0
0
0
0
0
0
0
0
0
0
0
0
0
0
0
0
0
0
0
0
0
0
0
0
0
0
0
0
0
0
0
0
0
0
0
0
0
0
0
0
0
0
0
0
0
0
0
0
0
0
0
0
0
0
0
0
0
0
0
0
0
0
0
0
0
0
0
0
0
0
0
0
0
0
0
0
0
0
0
0
0
0
0
0
0
0
0
0
0
0
0
0
0
0
0
0
0
0
0
0
0
0
0
0
0
0
0
0
0
0
0
0
0
0
0
0
0
0
0
0
0
0
0
0
0
0
0
0
0
0
0
0
0
0
0
0
0
0
0
0
0
0
0
0
0
0
0
0
0
0
0
0
0
0
0
0
0
0
0
0
0
0
0
0
0
0
0
0
0
0
0
0
0
0
0
0
0
0
0
0
0
0
0
0
0
0
0
0
0
0
0
0
0
0
0
0
0
0
0
0
0
0
0
0
0
0
0
0
0
0
0
0
0
0
0
0
0
0
0
0
0
0
0
0
0
0
0
0
0
0
0
0
0
0
0
0
0
0
0
0
0
0
0
0
0
0
0
0
0
0
0
0
0
0
0
0
0
0
0
0
0
0
0
0
0
0
0
0
0
0
0
0
0
0
0
0
0
0
0
0
0
0
0
0
0
0
0
0
0
0
0
0
0
0
0
0
0
0
0
0
0
0
0
0
0
0
0
0
0
0
0
0
0
0
0
0
0
0
0
0
0
0
0
0
0
0
0
0
0
0
0
0
0
0
0
0
0
0
0
0
0
0
0
0
0
0
0
0
0
0
0
0
0
0
0
0
0
0
0
0
0
0
0
0
0
0
0
0
0
0
0
0
0
0
0
0
0
0
0
0
0
0
0
0
0
0
0
0
0
0
0
0
0
0
0
0
0
0
0
0
0
0
0
0
0
0
0
0
0
0
0
0
0
0
0
0
0
0
0
0
0
0
0
0
0
0
0
0
0
0
0
0
0
0
0
0
0
0
0
0
0
0
0
0
0
0
0
0
0
0
0
0
0
0
0
0
0
0
0
0
0
0
0
0
0
0
0
0
0
0
0
0
0
0
0
0
0
0
0
0
0
0
0
0
0
0
0
0
0
0
0
0
0
0
0
0
0
0
0
0
0
0
0
0
0
0
0
0
0
0
0
0
0
0
0
0
0
0
0
0
0
0
0
0
0
0
0
0
0
0
0
0
0
0
0
0
0
0
0
0
0
0
0
0
0
0
0
0
0
0
0
0
0
0
0
0
0
0
0
0
0
0
0
0
0
0
0
0
0
0
0
0
0
0
0
0
0
0
0
0
0
0
0
0
0
0
0
0
0
0
0
0
0
0
0
0
0
0
0
0
0
0
0
0
0
0
0
0
0
0
0
0
0
0
0
0
0
0
0
0
0
0
0
0
0
0
0
0
0
0
0
0
0
0
0
0
0
0
0
0
0
0
0
0
0
0
0
0
0
0
0
0
0
0
0
0
0
0
0
0
0
0
0
0
0
0
0
0
0
0
0
0
0
0
0
0
0
0
0
0
0
0
0
0
0
0
0
0
0
0
0
0
0
0
0
0
0
0
0
0
0
0
0
0
0
0
0
0
0
0
0
0
0
0
0
0
0
0
0
0
0
0
0
0
0
0
0
0
0
0
0
0
0
0
0
0
0
0
0
0
0
0
0
0
0
0
0
0
0
0
0
0
0
0
0
0
0
0
0
0
0
0
0
0
0
0
0
0
0
0
0
0
0
0
0
0
0
0
0
0
0
0
0
0
0
0
0
0
0
0
0
0
0
0
0
0
0
0
0
0
0
0
0
0
0
0
0
0
0
0
0
0
0
0
0
0
0
0
0
0
0
0
0
0
0
0
0
0
0
0
0
0
0
0
0
0
0
0
0
0
0
0
0
0
0
0
0
0
0
0
0
0
0
0
0
0
0
0
0
0
0
0
0
0
0
0
0
0
0
0
0
0
0
0
0
0
0
0
0
0
0
0
0
0
0
0
0
0
0
0
0
0
0
0
0
0
0
0
0
0
0
0
0
0
0
0
0
0
0
0
0
0
0
0
0
0
0
0
0
0
0
0
0
0
0
0
0
0
0
0
0
0
0
0
0
0
0
0
0
0
0
0
0
0
0
0
0
0
0
0
0
0
0
0
0
0
0
0
0
0
0
0
0
0
0
0
0
0
0
0
0
0
0
0
0
0
0
0
0
0
0
0
0
0
0
0
0
0
0
0
0
0
0
0
0
0
0
0
0
0
0
0
0
0
0
0
0
0
0
0
0
0
0
0
0
0
0
0
0
0
0
0
0
0
0
0
0
0
0
0
0
0
0
0
0
0
0
0
0
0
0
0
0
0
0
0
0
0
0
0
0
0
0
0
0
0
0
0
0
0
0
0
0
0
0
0
0
0
0
0
0
0
0
0
0
0
0
0
0
0
0
0
0
0
0
0
0
0
0
0
0
0
0
0
0
0
0
0
0
0
0
0
0
0
0
0
0
0
0
0
0
0
0
0
0
0
0
0
0
0
0
0
0
0
0
0
0
0
0
0
0
0
0
0
0
0
0
0
0
0
0
0
0
0
0
0
0
0
0
0
0
0
0
0
0
0
0
0
0
0
0
0
0
0
0
0
0
0
0
0
0
0
0
0
0
0
0
0
0
0
0
0
0
0
0
0
0
0
0
0
0
0
0
0
0
0
0
0
0
0
0
0
0
0
0
0
0
0
0
0
0
0
0
0
0
0
0
0
0
0
0
0
0
0
0
0
0
0
0
0
0
0
0
0
0
0
0
0
0
0
0
0
0
0
0
0
0
0
0
0
0
0
0
0
0
0
0
0
0
0
0
0
0
0
0
0
0
0
0
0
0
0
0
0
0
0
0
0
0
0
0
0
0
0
0
0
0
0
0
0
0
0
0
0
0
0
0
0
0
0
0
0
0
0
0
0
0
0
0
0
0
0
0
0
0
0
0
0
0
0
0
0
0
0
0
0
0
0
0
0
0
0
0
0
0
0
0
0
0
0
0
0
0
0
0
0
0
0
0
0
0
0
0
0
0
0
0
0
0
0
0
0
0
0
0
0
0
0
0
0
0
0
0
0
0
0
0
0
0
0
0
0
0
0
0
0
0
0
0
0
0
0
0
0
0
0
0
0
0
0
0
0
0
0
0
0
0
0
0
0
0
0
0
0
0
0
0
0
0
0
0
0
0
0
0
0
0
0
0
0
0
0
0
0
0
0
0
0
0
0
0
0
0
0
0
0
0
0
0
0
0
0
0
0
0
0
0
0
0
0
0
0
0
0
0
0
0
0
0
0
0
0
0
0
0
0
0
0
0
0
0
0
0
0
0
0
0
0
0
0
0
0
0
0
0
0
0
0
0
0
0
0
0
0
0
0
0
0
0
0
0
0
0
0
0
0
0
0
0
0
0
0
0
0
0
0
0
0
0
0
0
0
0
0
0
0
0
0
0
0
0
0
0
0
0
0
0
0
0
0
0
0
0
0
0
0
0
0
0
0
0
0
0
0
0
0
0
0
0
0
0
0
0
0
0
0
0
0
0
0
0
0
0
0
0
0
0
0
0
0
0
0
0
0
0
0
0
0
0
0
0
0
0
0
0
0
0
0
0
0
0
0
0
0
0
0
0
0
0
0
0
0
0
0
0
0
0
0
0
0
0
0
0
0
0
0
0.003087629
0.1164168
0.8535046
0.5813483
2.175858
5.112766
3.929125
7.129938
3.848404
2.604731
2.437148
0.7102917
0.06081996
0
0
0
0
0
0
0.02950823
0.5112553
2.326786
1.214728
0.9376581
0.01221614
0
0
0
0
0
0
0
0
0
0
0
0
0
0
0
0
0
0
0
0
0
0
0
0
0
0
0
0
0
0
0
0
0
0
0
0
0
0
0
0
0
0
0
0
0
0
0
0
0
0
0
0
0
0
0
0
0
0
0
0
0
0
0
0
0
0
0
0
0
0
0
0
0
0
0
0
0
0
0
0
0
0
0
0
0
0
0
0
0
0
0
0
0
0
0
0
0
0
0
0
0
0
0
0.02578327
0.2996422
1.001845
4.342768
4.347595
6.68739
8.336347
8.866576
6.459595
5.652788
5.203417
5.00806
2.814979
1.650176
0.8182836
0.2314168
0.4090704
1.61359
3.822207
3.768615
5.81978
7.052879
6.792476
3.846171
2.260403
2.941348
1.148861
0
0
0
0
0
0
0
0
0
0
0
0
0
0
0
0
0
0
0
0
0
0
0
0
0
0
0
0
0
0
0
0
0
0
0
0
0
0
0
0
0
0
0
0
0
0
0
0
0
0
0
0
0
0
0
0
0
0
0
0
0
0
0
0
0
0
0
0
0
0
0
0
0
0
0
0
0
0
0
0
0
0
0
0
0
0
0
0
0
0
0
0
0
0
0
0
0
0
0
0
0
0
0.1862071
2.115641
4.122671
4.959243
10.94765
12.31166
10.29682
11.69145
10.07985
9.714805
7.029092
6.88308
5.398432
4.935662
4.82369
2.997412
4.04133
4.183166
7.103667
11.39103
10.58678
10.08846
10.60503
5.154626
3.520582
1.259452
0
0
0
0
0
0
0
0
0
0
0
0
0
0
0
0
0
0
0
0
0
0
0
0
0
0
0
0
0
0
0
0
0
0
0
0
0
0
0
0
0
0
0
0
0
0
0
0
0
0
0
0
0
0
0
0
0
0
0
0
0
0
0
0
0
0
0
0
0
0
0
0
0
0
0
0
0
0
0
0
0
0
0
0
0
0
0
0
0
0
0
0
0
0
0
0
0
0
0
0
0
0
0.0224107
0.6949815
5.36124
9.040251
11.93477
19.10478
20.84805
19.4792
16.56168
17.94041
12.37097
11.02446
8.361443
8.260748
9.614842
6.465938
5.687541
9.368281
13.62579
15.53354
16.22804
15.26184
14.67131
8.341607
5.463509
1.240501
0
0
0
0
0
0
0
0
0
0
0
0
0
0
0
0
0
0
0
0
0
0
0
0
0
0
0
0
0
0
0
0
0
0
0
0
0
0
0
0
0
0
0
0
0
0
0
0
0
0
0
0
0
0
0
0
0
0
0
0
0
0
0
0
0
0
0
0
0
0
0
0
0
0
0
0
0
0
0
0
0
0
0
0
0
0
0
0
0
0
0
0
0
0
0
0
0
0
0
0
0
0
0.1735522
2.271023
7.40578
12.78917
17.92247
23.63223
24.92953
25.81998
27.67028
26.99912
24.20224
23.41583
23.2824
16.29761
18.28691
17.88565
14.08571
18.97998
17.43373
20.70604
20.8435
22.03046
22.31298
14.74355
5.707464
1.695138
0
0
0
0
0
0
0
0
0
0
0
0
0
0
0
0
0
0
0
0
0
0
0
0
0
0
0
0
0
0
0
0
0
0
0
0
0
0
0
0
0
0
0
0
0
0
0
0
0
0
0
0
0
0
0
0
0
0
0
0
0
0
0
0
0
0
0
0
0
0
0
0
0
0
0
0
0
0
0
0
0
0
0
0
0
0
0
0
0
0
0
0
0
0
0
0
0
0
0
0
0
0.09655809
1.285974
4.441528
8.835964
17.07233
23.73804
31.86478
37.87496
35.96442
37.99862
43.70993
44.18808
43.3004
45.58113
45.98373
42.19418
38.86897
34.28988
30.34681
27.30088
27.39596
29.16667
25.19523
20.6939
18.34906
11.48092
3.20636
0
0
0
0
0
0
0
0
0
0
0
0
0
0
0
0
0
0
0
0
0
0
0
0
0
0
0
0
0
0
0
0
0
0
0
0
0
0
0
0
0
0
0
0
0
0
0
0
0
0
0
0
0
0
0
0
0
0
0
0
0
0
0
0
0
0
0
0
0
0
0
0
0
0
0
0
0
0
0
0
0
0
0
0
0
0
0
0
0
0
0
0
0
0
0
0
0
0
0
0
0
0
0.4244511
4.789945
9.828055
17.56242
20.87954
31.11342
36.5504
41.62545
46.83454
61.62998
74.82543
81.60467
89.82675
88.72549
89.43431
77.94717
56.58718
47.50783
38.68741
26.76696
26.34053
20.45593
17.42414
14.4932
9.441066
3.411111
0
0
0
0
0
0
0
0
0
0
0
0
0
0
0
0
0
0
0
0
0
0
0
0
0
0
0
0
0
0
0
0
0
0
0
0
0
0
0
0
0
0
0
0
0
0
0
0
0
0
0
0
0
0
0
0
0
0
0
0
0
0
0
0
0
0
0
0
0
0
0
0
0
0
0
0
0
0
0
0
0
0
0
0
0
0
0
0
0
0
0
0
0
0
0
0
0
0
0
0
0
0
0.2164784
2.404806
4.736567
9.968913
14.32885
23.53966
27.37294
35.25429
52.5819
81.19444
108.7149
126.5545
147.0956
153.9505
145.5477
127.467
97.8399
77.35978
53.0611
27.77618
22.47673
17.23196
7.370414
6.896916
3.265928
0.09325446
0
0
0
0
0
0
0
0
0
0
0
0
0
0
0
0
0
0
0
0
0
0
0
0
0
0
0
0
0
0
0
0
0
0
0
0
0
0
0
0
0
0
0
0
0
0
0
0
0
0
0
0
0
0
0
0
0
0
0
0
0
0
0
0
0
0
0
0
0
0
0
0
0
0
0
0
0
0
0
0
0
0
0
0
0
0
0
0
0
0
0
0
0.2517339
2.948431
6.416511
6.708901
11.71449
11.30914
10.0082
5.334775
6.66163
5.248671
3.21612
3.054523
2.928362
5.342585
5.6977
12.20265
24.43161
37.93205
66.8153
108.3617
153.503
188.453
218.7144
224.8947
218.0652
194.179
149.6254
109.5679
78.12381
33.11073
22.42718
10.83197
5.215177
4.155736
2.077822
3.691691
1.983997
3.18898
5.871552
6.55776
7.759202
7.348338
6.326013
9.337486
6.780808
6.447636
4.31723
1.512559
0
0
0
0
0
0
0
0
0
0
0
0
0
0
0
0
0
0
0
0
0
0
0
0
0
0
0
0
0
0
0
0
0
0
0
0
0
0
0
0
0
0
0
0
0
0
0
0
0
0
0
0
0
0
0
0
0
0
0
0
0
0
0
0
0
0
0
0
0
0
0
0
0
0
0
0
0
0
0.01275433
0.1429229
1.019969
8.316757
12.04105
20.49575
22.58827
22.57825
21.8011
12.65087
7.829028
0.5204227
0.04992225
0.2424639
0.00595931
0.08012188
0.3260905
2.151641
14.6223
31.85078
73.10667
127.4942
195.0599
238.4535
277.2744
282.7805
280.8042
252.9715
196.8743
153.3976
104.9245
43.43077
28.16589
9.772698
2.009697
0.1158586
0.2737334
0
0
0.3588763
4.333866
11.08306
15.96152
13.33107
16.13594
19.54836
13.12403
13.36225
5.789142
5.165669
2.296011
0
0
0
0
0
0
0
0
0
0
0
0
0
0
0
0
0
0
0
0
0
0
0
0
0
0
0
0
0
0
0
0
0
0
0
0
0
0
0
0
0
0
0
0
0
0
0
0
0
0
0
0
0
0
0
0
0
0
0
0
0
0
0
0
0
0
0
0
0
0
0
0
0
0
0
0
0
0.3574717
3.95788
7.780567
16.97371
20.92637
32.12586
34.75765
32.83543
28.44428
17.51977
9.562957
3.373913
3.400225
4.685087
10.71235
9.105313
6.101259
7.4746
21.26657
39.06615
85.64476
150.0175
232.1526
289.9742
332.7157
346.6958
345.1089
309.6327
247.5587
190.5862
136.6942
64.81205
44.37479
25.45518
23.2383
17.75535
16.25185
7.402584
1.728033
0.3966034
2.980469
12.47553
17.62214
24.30114
27.80415
33.57095
24.66818
20.50268
11.71168
12.02033
6.984279
0
0
0
0
0
0
0
0
0
0
0
0
0
0
0
0
0
0
0
0
0
0
0
0
0
0
0
0
0
0
0
0
0
0
0
0
0
0
0
0
0
0
0
0
0
0
0
0
0
0
0
0
0
0
0
0
0
0
0
0
0
0
0
0
0
0
0
0
0
0
0
0
0
0
0
0
0
0.4014153
4.537518
9.584608
18.91208
22.71458
33.99311
37.14836
34.36612
26.96488
15.50609
7.614782
6.570747
15.94606
25.44651
43.82551
45.0504
40.55512
35.37929
45.2863
58.5716
106.7482
181.3415
274.8733
345.2908
406.3844
426.8011
425.7363
377.9181
303.6781
241.2643
186.0488
102.0118
88.16104
66.55102
63.63451
55.69853
49.56524
31.01289
14.35915
2.748843
1.949347
5.636676
12.49958
22.47979
31.3478
33.51201
28.04773
22.89717
17.89962
14.01108
8.554537
1.445523
0
0
0
0
0
0
0
0
0
0
0
0
0
0
0
0
0
0
0
0
0
0
0
0
0
0
0
0
0
0
0
0
0
0
0
0
0
0
0
0
0
0
0
0
0
0
0
0
0
0
0
0
0
0
0
0
0
0
0
0
0
0
0
0
0
0
0
0
0
0
0
0
0
0
0
0
0.008836023
0.3454329
3.590204
11.91455
13.77815
23.6077
21.52815
18.23348
7.166881
4.973
4.522721
16.89839
43.16895
71.31108
108.0091
110.5304
97.92236
83.89536
82.22058
87.18811
127.0153
202.8588
313.237
404.7043
490.7758
522.5523
518.8906
460.3071
359.6539
292.434
236.7302
152.8141
142.0395
133.1978
136.7775
127.5047
120.2963
75.50367
47.27392
19.73253
4.067621
0.386399
3.453817
11.30673
19.75495
18.96433
19.14685
14.55818
11.39146
10.0827
2.99238
0
0
0
0
0
0
0
0
0
0
0
0
0
0
0
0
0
0
0
0
0
0
0
0
0
0
0
0
0
0
0
0
0
0
0
0
0
0
0
0
0
0
0
0
0
0
0
0
0
0
0
0
0
0
0
0
0
0
0
0
0
0
0
0
0
0
0
0
0
0
0
0
0
0
0
0
0
0
0
0.587589
6.092046
7.138291
8.835343
10.55526
5.297609
0
0.9220942
12.13153
42.00055
90.91659
139.8827
198.109
211.4674
184.2331
153.1687
128.133
116.3984
136.3984
197.1074
330.5115
433.8068
553.0841
596.4811
587.3186
518.8796
396.774
319.0704
264.259
191.2475
203.0455
214.0481
231.8063
223.0945
219.62
152.9071
99.73232
52.27114
23.73875
6.706477
4.112835
7.583822
10.67217
8.928732
10.11046
6.383372
5.888871
3.283495
0.7883396
0
0
0
0
0
0
0
0
0
0
0
0
0
0
0
0
0
0
0
0
0
0
0
0
0
0
0
0
0
0
0
0
0
0
0
0
0
0
0
0
0
0
0
0
0
0
0
0
0
0
0
0
0
0
0
0
0
0
0
0
0
0
0
0
0
0
0
0
0
0
0
0
0
0
0
0
0
0.2264918
2.94213
9.31909
14.67091
16.88734
26.94213
23.0976
15.64767
17.21039
19.09295
45.73074
91.78667
158.6897
232.2406
307.177
331.3193
284.5667
234.4228
176.4964
140.1109
129.1715
178.3454
311.436
449.616
594.508
661.0141
655.7157
562.1651
407.7153
324.1292
263.8895
218.3611
256.5565
295.2393
330.1558
342.1349
339.181
244.8407
171.9364
109.3833
76.33645
51.77157
37.90973
24.19175
25.7378
24.29709
24.67145
13.50582
10.67593
4.346558
3.35241
1.184215
0
0
0
0
0
0
0
0
0
0
0
0
0
0
0
0
0
0
0
0
0
0
0
0
0
0
0
0
0
0
0
0
0
0
0
0
0
0
0
0
0
0
0
0
0
0
0
0
0
0
0
0
0
0
0
0
0
0
0
0
0
0
0
0
0
0
0
0
0
0.07019651
0.8700755
3.068717
10.08078
8.329283
8.553591
7.474516
7.268368
16.82171
22.77155
34.90016
39.91723
64.1604
62.00643
49.44831
54.1242
60.26874
92.93313
146.1645
227.6015
317.3604
387.3006
431.9826
367.7169
298.19
206.9198
146.8911
110.5017
138.9375
275.4838
437.6448
614.782
712.481
702.1773
586.328
401.5869
299.8842
246.114
212.3849
275.1927
347.9093
411.1326
428.9677
432.3778
323.8806
245.058
174.2938
137.1097
116.2667
97.43607
68.62748
63.73683
68.00373
56.8027
39.95281
23.99262
21.8487
14.30048
12.75526
11.7047
9.458493
9.85721
7.501086
4.526883
2.254638
2.03051
0.91777
0.6460632
0
0
0
0
0
0
0
0
0
0
0
0
0
0
0
0
0
0
0
0
0
0
0
0
0
0
0
0
0
0
0
0
0
0
0
0
0
0
0
0
0
0
0
0
0
0
0
0
0
0
0
0
0
0
0
0
0
0.3346084
3.709755
6.192246
4.531035
10.11519
17.97803
25.80091
22.57641
27.39857
22.63263
23.50775
33.49054
45.22359
68.7634
77.75449
109.7502
120.1457
108.0494
110.7899
117.5456
156.2062
203.3293
278.974
377.1961
431.9967
482.5386
414.7377
324.1983
214.1737
148.1741
88.56428
110.8403
258.6075
454.6311
673.7822
804.9844
780.436
628.6426
401.8906
282.2052
221.2308
198.3398
279.0763
370.503
442.2044
467.7897
492.5851
378.4083
298.0357
228.738
199.5306
183.0882
162.3273
120.488
121.8107
132.9002
101.2733
81.72895
52.85613
44.38215
42.59139
27.57407
28.1424
26.01584
32.75774
22.87471
19.93617
20.75392
19.52357
12.58161
6.652465
6.130428
3.863155
0.8613484
0.02506451
0
0
0
0
0
0
0
0
0
0
0
0
0
0
0
0
0
0
0
0
0
0
0
0
0
0
0
0
0
0
0
0
0
0
0
0
0
0
0
0
0
0
0
0
0
0
0
0
0
0
0
0.406411
4.066188
3.951686
10.02627
12.56505
11.76984
19.24487
25.07421
33.08375
33.04768
35.53804
39.18665
35.85789
46.06359
65.70184
95.65176
114.3009
149.0557
161.2356
168.3061
162.3334
169.8241
203.9647
246.8694
308.3774
395.2676
432.2449
480.8857
422.6915
338.1328
215.362
152.5788
93.09103
115.7581
289.5451
537.1581
822.5188
999.3177
973.5566
775.1519
472.41
305.5037
231.375
195.0162
282.2717
368.2294
437.1931
463.3382
495.7378
399.8843
335.5534
273.4738
253.3479
235.8594
215.4966
170.5928
169.5985
183.2707
134.6554
119.1526
78.80609
73.92139
63.07189
41.99041
42.27302
39.72607
51.14657
37.26161
36.21679
28.62108
31.23154
24.02526
12.88427
7.880662
6.853106
2.541997
1.903982
0
0
0
0
0
0
0
0
0
0
0
0
0
0
0
0
0
0
0
0
0
0
0
0
0
0
0
0
0
0
0
0
0
0
0
0
0
0
0
0
0
0
0
0
0
0
0
0
0
0
0
0.3648966
3.900991
5.948586
10.4498
16.70002
14.86117
22.37544
26.22608
26.29166
31.67231
39.96987
45.17777
47.70728
53.57695
79.85698
108.2373
131.9179
161.2693
180.6729
200.6048
190.0584
213.3091
227.4085
268.956
320.1403
389.0291
388.0874
430.9626
386.3596
316.3325
215.6246
171.4208
124.8892
176.4462
409.2411
744.6289
1127.993
1367.975
1343.561
1087.148
671.578
434.0832
313.9602
230.0447
294.5614
354.7302
399.9893
420.094
456.0694
381.4974
343.7217
302.9323
291.4905
270.2608
240.4496
193.0832
186.8754
202.2796
151.8676
144.6637
95.62543
97.27365
74.15641
47.78121
43.49698
42.81775
52.40145
37.45455
36.02504
31.45219
30.7034
23.04037
18.67679
9.641601
4.553359
3.434648
0
0
0
0
0
0
0
0
0
0
0
0
0
0
0
0
0
0
0
0
0
0
0
0
0
0
0
0
0
0
0
0
0
0
0
0
0
0
0
0
0
0
0
0
0
0
0
0
0
0
0
0
0
0.5484287
5.47307
5.029978
11.50627
13.50453
19.56168
17.97081
14.79525
21.12784
27.96115
36.85049
39.92871
46.11708
71.46836
93.0919
118.8667
125.3159
141.9007
179.2665
167.565
197.4252
214.8948
243.7489
273.6963
319.2588
301.4142
333.8461
314.7646
269.4466
207.1505
212.8709
223.4307
329.7354
673.5214
1108.957
1603.062
1897.335
1900.349
1587.11
1057.394
710.0335
494.1086
313.0745
322.5108
328.697
322.6499
330.5386
353.7325
302.7236
307.2858
279.4787
285.4883
251.1862
213.7136
178.2267
164.7967
166.4502
118.5371
113.6158
89.27492
92.0439
64.06935
40.79328
33.22828
34.30942
32.28114
26.17464
23.97354
24.49544
15.87994
11.94766
14.57234
9.460477
0
0
0
0
0
0
0
0
0
0
0
0
0
0
0
0
0
0
0
0
0
0
0
0
0
0
0
0
0
0
0
0
0
0
0
0
0
0
0
0
0
0
0
0
0
0
0
0
0
0
0
0
0
0
0
0
0
0
0.006149824
0.3398293
2.694409
1.084179
3.237432
7.01756
8.038184
15.69289
14.85478
18.72166
29.69937
41.18328
56.7548
55.39463
67.59529
106.0708
91.95845
120.339
124.7598
149.5935
171.3608
207.4719
178.7917
207.7069
205.2744
211.1035
194.7099
282.967
409.6717
619.7035
1103.856
1627.811
2203.757
2571.545
2599.897
2268.566
1615.345
1151.309
792.5718
421.3844
360.9882
283.826
225.6345
212.4712
205.6175
180.7848
202.2637
186.7728
194.8448
160.9331
127.0199
114.5286
89.14324
81.46469
56.2791
51.38755
43.03084
45.98316
26.54644
17.09521
15.13245
15.77684
9.078234
9.950519
6.196218
5.275753
0.6062083
1.082394
3.673208
1.548413
0
0
0
0
0
0
0
0
0
0
0
0
0
0
0
0
0
0
0
0
0
0
0
0
0
0
0
0
0
0
0
0
0
0
0
0
0
0
0
0
0
0
0
0
0
0
0
0
0
0
0
0
0
0
0
0
0
0
0
0
0
0
0.007661103
0.1211854
0.5509073
1.016452
2.485861
3.161109
5.273644
7.843084
14.8092
9.229769
16.6955
27.91548
20.12098
29.21239
30.59116
42.24188
53.09862
73.83291
58.8843
82.91398
99.2891
137.0539
174.4305
351.8916
623.914
964.2358
1591.469
2133.424
2730.512
3075.75
3128.509
2826.132
2167.103
1604.778
1095.478
516.8007
343.1365
199.4537
110.7216
92.58147
64.35031
54.66171
67.15768
63.75764
59.233
42.93014
29.5188
33.7131
21.67038
23.98141
12.78127
17.28301
11.30746
11.96437
4.290736
2.181158
2.101176
0.6494014
0.3732418
2.108771
1.901586
1.984463
0
0
0
0
0
0
0
0
0
0
0
0
0
0
0
0
0
0
0
0
0
0
0
0
0
0
0
0
0
0
0
0
0
0
0
0
0
0
0
0
0
0
0
0
0
0
0
0
0
0
0
0
0
0
0
0
0
0
0
0
0
0
0
0
0
0
0.1744233
2.409828
7.894537
5.671715
13.89624
32.8362
33.28602
39.05599
33.71176
48.45299
45.81733
26.77392
36.10551
25.88271
34.80754
27.99019
17.98718
9.555726
10.61007
13.91031
25.51899
61.75007
124.7455
356.5117
756.8944
1212.58
1910.661
2437.147
2992.092
3277.611
3357.183
3095.184
2459.756
1838.548
1220.847
516.9868
261.9245
101.1351
34.06546
20.59315
16.84855
13.60778
16.4482
21.4542
20.19043
22.92354
28.04208
20.61558
28.31419
50.73493
40.39785
58.64393
38.9585
49.42826
33.52213
13.54965
3.945628
2.958125
2.061925
0.2376147
0.4126037
0
0
0
0
0
0
0
0
0
0
0
0
0
0
0
0
0
0
0
0
0
0
0
0
0
0
0
0
0
0
0
0
0
0
0
0
0
0
0
0
0
0
0
0
0
0
0
0
0
0
0
0
0
0
0
0
0
0
0
0
0
0.05641512
0.7165342
2.224104
4.048168
2.973678
2.91924
2.627096
2.011969
10.3485
25.12913
48.54209
84.07069
94.85969
107.1293
94.72968
127.9658
128.9935
104.1758
141.7114
144.9257
183.6225
163.4322
124.2402
74.48619
61.59216
31.86742
19.8105
13.62559
75.94454
305.9915
741.738
1220.086
1934.264
2434.362
2885.39
3103.991
3176.782
2938.453
2368.805
1767.94
1110.379
405.616
147.3677
34.16878
21.93206
40.05564
96.44361
113.8918
123.0288
146.8776
158.3789
156.6271
131.3193
89.50639
88.79664
122.5455
97.68744
130.0292
106.7895
116.6141
72.61644
37.15954
15.99868
7.310801
0
0.1503201
1.737188
3.855773
6.006187
4.442055
0.2536248
0
0
0
0
0
0
0
0
0
0
0
0
0
0
0
0
0
0
0
0
0
0
0
0
0
0
0
0
0
0
0
0
0
0
0
0
0
0
0
0
0
0
0
0
0
0
0
0
0
0
0
0
0
0
0
0
0
0.9591684
9.763636
10.04799
14.419
12.53839
13.93959
9.729354
6.658159
16.09792
28.43013
64.94451
112.9702
137.7509
150.7005
136.0994
179.0661
200.1669
194.1041
268.5628
321.9826
398.0831
404.415
347.817
262.1157
207.0036
128.1427
80.91053
17.26875
59.72847
244.9536
674.1021
1158.404
1863.913
2314.462
2708.009
2841.307
2894.006
2679.769
2149.286
1586.702
933.8674
287.984
66.14556
21.53962
79.75747
148.3112
305.264
339.4795
381.7881
406.8286
424.0694
377.0291
285.2205
191.6326
153.7971
156.3955
130.3579
151.5071
148.9664
137.8209
87.12548
62.57708
24.07511
9.972622
0
0.6820677
7.522475
14.52107
30.93624
26.6885
13.22716
2.850975
0
0
0
0
0
0
0
0
0
0
0
0
0
0
0
0
0
0
0
0
0
0
0
0
0
0
0
0
0
0
0
0
0
0
0
0
0
0
0
0
0
0
0
0
0
0
0
0
0
0
0
0
0
0
0.2291084
2.394294
4.479951
19.27414
22.94113
23.41918
20.95434
23.39242
19.23629
12.47158
22.28854
37.06634
66.85358
104.7898
116.1425
125.1289
110.5972
152.4675
185.7985
223.1754
323.7434
445.7824
594.8936
650.7552
625.4784
516.3427
405.0224
271.8036
172.3492
56.60786
78.32862
232.7986
615.996
1069.718
1708.348
2112.469
2439.687
2525.853
2532.834
2314.768
1860.13
1356.401
763.6449
220.9971
31.24323
46.94676
169.1176
308.8048
559.1021
628.1775
701.9835
705.687
686.9558
561.6124
383.7515
249.9176
160.4046
126.4628
99.41223
103.8986
128.1617
105.4235
76.64468
71.37927
33.37955
9.198956
6.49097
7.351432
17.07714
29.9398
47.60583
44.83002
31.43576
11.33362
1.298093
0
0
0
0
0
0
0
0
0
0
0
0
0
0
0
0
0
0
0
0
0
0
0
0
0
0
0
0
0
0
0
0
0
0
0
0
0
0
0
0
0
0
0
0
0
0
0
0
0
0
0
0
0
0
0.201554
3.113718
13.28495
17.28713
16.37798
13.54802
15.06302
15.4219
12.55312
30.34651
43.78759
60.4013
78.86157
80.50994
73.06421
54.68378
84.27933
127.2045
194.8865
316.8183
497.9774
705.9705
843.7271
872.2492
778.3219
613.6351
420.5954
256.055
114.0568
136.0594
280.7241
643.1933
1037.759
1627.677
1983.137
2259.386
2309.504
2279.657
2072.166
1674.757
1237.595
715.9475
221.2772
37.70187
76.7231
235.8852
448.4559
797.5794
915.0584
1012.964
969.7028
874.9968
655.0373
421.3468
250.7358
115.7016
57.85127
43.51014
46.71761
76.42546
71.25917
75.38944
72.73744
44.24396
18.88421
13.29084
6.651466
16.41001
25.66378
26.08928
29.48748
29.41946
14.54868
2.250614
0
0
0
0
0
0
0
0
0
0
0
0
0
0
0
0
0
0
0
0
0
0
0
0
0
0
0
0
0
0
0
0
0
0
0
0
0
0
0
0
0
0
0
0
0
0
0
0
0
0
0
0
0
0
0.001059469
0.1520689
1.735923
4.375799
4.492438
3.221678
3.767149
5.109975
10.51934
34.21374
49.44001
59.16625
70.6278
58.5364
38.93069
15.22725
24.31086
57.83034
133.1606
241.8688
452.5586
691.6312
889.9335
990.5622
933.6216
748.1236
521.5657
309.9994
186.5781
224.1914
388.3487
731.0726
1076.745
1569.86
1856.575
2104.135
2104.958
2062.328
1844.194
1533.592
1183.972
747.6783
297.8092
94.48117
94.62861
255.8327
511.643
911.6393
1057.789
1179.042
1071.538
910.912
641.64
375.8918
211.702
65.1533
14.55043
9.898599
39.15622
53.35
71.02642
89.57557
69.79894
50.03443
27.05526
23.52596
4.560168
4.650853
5.768996
5.978671
9.400446
8.98244
4.765079
0.2975278
0
0
0
0
0
0
0
0
0
0
0
0
0
0
0
0
0
0
0
0
0
0
0
0
0
0
0
0
0
0
0
0
0
0
0
0
0
0
0
0
0
0
0
0
0
0
0
0
0
0
0
0
0
0
0
0.3368446
3.633241
5.387216
4.505361
0.7059802
0.06997781
0.3495357
5.651531
32.90552
51.35683
67.67628
88.17676
82.45894
57.95296
22.59799
9.833218
14.90277
75.88316
166.8589
361.372
579.9051
812.4551
959.1226
952.4824
768.3365
554.4791
344.8619
281.4492
370.6473
574.5811
907.8518
1208.277
1613.657
1843.517
2056.869
2038.039
1962.916
1754.311
1524.259
1246.734
887.1766
461.1006
219.2513
132.4671
241.9056
488.8495
883.1593
1042.883
1155.62
1025.991
838.9425
560.5721
306.7248
176.3157
46.75612
27.88706
32.08677
91.20798
91.50612
117.7481
109.0692
69.67592
50.22555
27.96534
25.00159
1.815238
0.3435081
3.072462
12.11657
10.53074
3.961588
0.09515816
0
0
0
0
0
0
0
0
0
0
0
0
0
0
0
0
0
0
0
0
0
0
0
0
0
0
0
0
0
0
0
0
0
0
0
0
0
0
0
0
0
0
0
0
0
0
0
0
0
0
0
0.009130513
0.2860299
1.941632
0.7619878
0.02284299
1.473094
15.22378
18.22966
20.54949
12.03499
9.067369
1.652905
2.4947
24.09912
53.06122
83.99103
132.3065
140.8583
121.3341
69.03259
40.38267
7.993505
38.0338
94.61061
251.3427
419.3455
631.2172
782.1957
796.1477
646.5767
485.734
331.6435
382.9997
526.8487
783.5326
1088.455
1325.36
1658.739
1843.899
2022.583
1993.631
1917.381
1702.173
1531.052
1325.463
1055.913
664.0126
385.7984
179.4578
193.3883
363.2156
696.7436
857.4232
968.6405
844.7909
639.9595
402.5254
214.3431
134.7316
60.53435
80.19391
100.4021
185.9729
173.7371
185.9878
132.4925
80.44891
43.232
29.64913
13.90222
7.202373
15.87074
22.92202
35.82973
38.55348
26.56769
10.86865
2.429052
0.1999896
0.6381975
1.784653
3.524545
1.059803
0.3161663
0.06557661
0.05914982
0
0
0
0
0
0
0
0
0
0
0
0
0
0
0
0
0
0
0
0
0
0
0
0
0
0
0
0
0
0
0
0
0
0
0
0
0
0
0
0
0
0.1771547
2.652854
10.15762
7.46243
5.483128
1.829148
5.290334
19.7523
30.81591
32.12343
28.99172
23.33116
8.393406
2.360046
18.04027
61.91333
117.8194
189.4042
214.5521
201.6577
138.5851
98.53086
34.10279
22.73606
44.97862
138.2775
263.3918
435.0187
563.0832
575.2583
449.8377
341.8553
266.9505
440.4229
648.498
955.6645
1247.904
1444.463
1731.03
1862.662
2055.03
2029.686
1957.284
1734.657
1580.413
1429.055
1222.82
857.531
532.8487
226.4281
129.8299
204.765
447.3536
626.6024
724.2215
617.7978
428.7461
253.8076
136.2223
107.6021
98.71927
148.4334
193.5555
275.0202
275.7132
250.257
165.4721
110.3486
52.44353
28.25704
5.549321
17.53571
39.43962
56.27308
57.11066
57.41558
52.16884
28.06192
10.81853
4.02881
5.455357
10.05371
13.63309
6.240746
6.067485
5.443839
3.791816
3.129863
0
0
0
0
0
0
0
0
0
0
0
0
0
0
0
0
0
0
0
0
0
0
0
0
0
0
0
0
0
0
0
0
0
0
0
0
0
0
0
0.115408
1.678273
6.522749
8.986029
11.22725
6.999121
3.476965
7.077471
16.18853
38.74427
33.76934
33.18521
27.75087
14.39502
3.713377
20.15824
72.51151
144.0302
219.5609
259.662
248.5673
174.7248
151.1227
68.55631
23.42357
25.5101
69.08283
150.3589
283.9954
385.7019
370.3233
246.8374
176.1307
159.063
414.8685
643.1227
998.9544
1283.146
1475.297
1745.468
1891.09
2060.364
2051.549
1991.144
1779.544
1631.676
1479.946
1294.045
950.6257
618.9906
237.57
70.66328
74.22255
255.2863
426.4549
514.7535
431.3272
264.1325
141.89
76.65645
95.99953
137.7517
192.5119
257.1701
315.8715
336.8064
274.9144
194.9933
141.9527
68.06759
28.36588
3.740335
22.36575
43.90658
69.03036
60.97695
58.20916
52.82059
36.31627
22.85572
15.80515
16.13693
17.57696
14.52898
15.56422
16.56363
12.98346
4.992568
0
0
0
0
0
0
0
0
0
0
0
0
0
0
0
0
0
0
0
0
0
0
0
0
0
0
0
0
0
0
0
0
0
0
0
0
0
0
0
0
0.2186156
2.828118
8.125174
6.639856
9.476264
4.770004
9.781194
9.774858
10.31988
29.53168
26.71953
28.04861
26.64416
15.94289
10.05976
22.4631
78.86272
147.6687
210.2608
251.8468
247.4032
174.5211
170.1047
91.19674
30.359
24.1644
43.11396
109.3847
229.0492
301.8462
274.1554
121.1546
49.73493
77.33885
349.6449
592.0184
987.5639
1297.556
1504.733
1775.365
1934.14
2138.178
2143.859
2099.828
1909.309
1748.143
1576.902
1361.503
995.6596
652.0957
253.2293
74.47417
39.71379
193.6747
367.0174
419.9996
354.7984
190.4892
94.78744
60.26145
95.05662
154.7113
193.7629
271.1978
288.9688
329.973
258.1781
197.4334
158.956
79.70832
36.9436
12.07355
26.2729
37.9104
53.78054
53.63869
49.13976
33.35338
26.64363
21.39663
16.77229
17.20317
15.54725
15.44182
21.0272
12.17706
9.150304
0.9949449
0
0
0
0
0
0
0
0
0
0
0
0
0
0
0
0
0
0
0
0
0
0
0
0
0
0
0
0
0
0
0
0
0
0
0
0
0
0
0
0
0
0
0.2010245
2.281143
4.309931
3.783588
6.374634
6.16156
5.109459
18.26267
14.86103
13.86418
16.58943
18.38166
18.00468
22.83017
58.59753
96.94137
135.8799
166.093
170.2211
126.6119
128.4496
77.52795
24.65277
20.38306
48.30179
113.2744
227.3236
279.8451
231.1844
99.81052
32.13263
95.08278
328.3651
541.6088
909.4635
1218.707
1410.265
1708.077
1884.486
2086.896
2106.136
2103.504
1928.493
1785.668
1583.31
1354.405
1034.66
716.5534
362.7919
217.7082
146.9532
262.9318
391.4118
411.518
342.8119
190.6715
98.14742
58.92734
82.4471
127.7443
139.297
206.2641
188.6778
224.2867
163.5014
144.5954
123.9431
76.08827
41.43734
22.75306
23.58925
19.1731
23.81737
35.45912
29.58386
10.56353
8.156022
9.094148
7.508778
8.203956
5.200455
11.11235
9.831079
4.169399
3.961708
1.561638
0
0
0
0
0
0
0
0
0
0
0
0
0
0
0
0
0
0
0
0
0
0
0
0
0
0
0
0
0
0
0
0
0
0
0
0
0
0
0
0
0
0
0
0
0
0
0
0
0
0.01460468
0.1406945
0.0890406
0.9773491
6.969541
6.669556
10.42457
19.19569
33.5248
42.55642
64.7652
66.60326
47.81627
58.02742
34.41594
10.22778
22.49483
71.32893
132.5869
228.0768
264.9355
223.8573
183.3033
175.1426
307.0293
486.3057
642.408
905.4335
1109.857
1250.638
1493.816
1648.181
1837.983
1875.838
1889.544
1749.413
1646
1496.876
1324.495
1122.099
892.7229
649.2294
540.8867
410.9167
417.1752
433.7174
407.2964
350.842
225.7692
134.404
70.71584
46.81494
68.39819
59.70842
91.61316
70.51194
75.35484
53.52485
59.53754
49.06907
31.41985
17.28432
15.49546
6.066886
1.504977
4.103761
4.890685
5.632348
2.232265
0.5742915
0
0
0
0
0
0
0
0
0
0
0
0
0
0
0
0
0
0
0
0
0
0
0
0
0
0
0
0
0
0
0
0
0
0
0
0
0
0
0
0
0
0
0
0
0
0
0
0
0
0
0
0
0
0
0
0
0
0
0
0.06081332
0.6205171
0.5993794
0.3760579
0.1174084
0.180803
0.3683707
1.478616
1.148922
6.008106
8.573506
7.633002
6.811243
9.387686
15.55079
49.55418
116.124
151.3893
207.5628
216.9026
240.2918
358.8985
483.8083
714.2715
853.5087
933.8804
1016.492
1018.891
1034.779
1147.813
1238.295
1399.865
1436.976
1446.97
1369.725
1329.078
1305.123
1280.202
1296.757
1242.523
1132.901
1038.902
790.0127
611.1512
454.0008
370.4172
325.867
259.4381
185.5109
102.0002
36.47594
17.90482
9.321154
18.11449
11.54991
10.90211
5.160952
3.988417
6.17202
6.400107
5.163046
2.446422
2.046654
2.663163
2.117751
0.9534893
3.123846
4.416621
7.324898
1.11919
0
0
0
0
0
0
0
0
0
0
0
0
0
0
0
0
0
0
0
0
0
0
0
0
0
0
0
0
0
0
0
0
0
0
0
0
0
0
0
0
0
0
0
0
0
0
0
0
0
0
0
0
0
0
0.3123017
3.633545
7.605633
6.020425
4.044184
10.63645
16.80094
17.22396
17.23532
14.83429
16.34144
12.63583
9.355396
5.735116
3.477194
8.427446
8.359392
19.08593
42.60072
82.33106
141.8278
141.8851
147.0108
151.9339
237.5299
533.5693
780.1437
1069.901
1164.96
1169.156
1074.419
879.3048
751.3755
704.3295
687.0004
752.9094
768.594
784.8683
771.3163
834.2866
926.3574
1090.464
1322.807
1444.314
1493.343
1410.324
1088.212
713.8461
415.3787
285.4452
245.9962
226.5165
186.9975
114.3071
38.66052
8.687824
4.976272
10.20594
17.73963
26.7545
20.64719
23.02367
29.20539
31.54239
31.83685
22.86253
26.91414
19.73105
19.15364
20.79343
19.27635
11.26681
13.09728
8.282572
1.9034
0
0
0
0
0
0
0
0
0
0
0
0
0
0
0
0
0
0
0
0
0
0
0
0
0
0
0
0
0
0
0
0
0
0
0
0
0
0
0
0
0
0
0
0
0
0
0
0
0
0
0
0
0.00274012
0.942059
10.33105
19.52647
21.05821
17.62534
24.90859
47.86189
54.48782
67.29329
68.79959
66.3018
47.71749
39.17698
32.06807
32.69581
39.85465
35.61612
45.43994
67.72213
100.2757
136.4948
122.8531
106.7026
119.2051
264.8023
662.8845
991.7361
1288.209
1360.371
1305.994
1090.831
778.7025
568.5221
411.8977
317.7284
304.9736
290.9073
310.942
341.4975
452.3341
624.2157
897.9728
1283.039
1536.692
1684.452
1584.761
1271.913
772.1758
396.167
236.2881
176.4221
178.2243
152.7844
97.32717
47.36145
28.7949
31.74755
51.98218
69.8415
79.17299
70.845
79.79581
93.40007
105.5952
99.38992
91.32408
76.49267
56.37246
43.46842
41.95669
37.5505
27.81015
21.90724
13.24112
1.336545
0
0
0
0
0
0
0
0
0
0
0
0
0
0
0
0
0
0
0
0
0
0
0
0
0
0
0
0
0
0
0
0
0
0
0
0
0
0
0
0
0
0
0
0
0
0
0
0
0
0.02326935
0.2292293
0.5560926
4.580302
8.472786
17.77925
23.69819
20.85599
22.0235
33.55172
65.21486
83.93805
106.2496
109.7127
99.64288
75.3708
55.08701
56.70797
64.47511
76.57879
67.91737
66.11748
76.9826
94.98196
116.1759
106.8257
94.84391
128.5684
293.5083
693.7237
1025.165
1280.467
1343.284
1271.007
1024.572
687.274
461.336
256.5379
142.1748
99.08811
73.37907
77.92609
117.8492
230.2562
418.2283
732.1476
1157.822
1487.225
1672.734
1570.505
1295.367
784.2737
411.5153
242.4105
159.6071
137.2413
107.6331
75.24368
44.4555
48.45128
67.96579
100.4973
119.1933
118.6268
117.1651
131.1896
144.1375
159.0582
152.8627
146.0774
109.0414
80.51046
56.96949
41.77403
35.50378
37.46424
28.01178
19.82311
7.480314
5.173024
0.9957838
4.323439
4.300685
4.089915
7.150538
6.276621
6.293288
4.327038
0
0
0
0
0
0
0
0
0
0
0
0
0
0
0
0
0
0
0
0
0
0
0
0.0145986
0.2058271
0.7042532
0.4425502
0.1343602
0
0
0
0
0
0
0
0
0
0
0.03956737
0.6950943
3.525898
4.698998
2.877931
3.722737
10.55401
18.23911
20.33728
13.97183
19.1384
31.34679
57.77194
78.55707
107.0681
118.0453
110.8625
80.88738
63.59647
69.52557
82.2365
96.1776
87.36645
80.10037
84.67269
88.46154
106.1287
116.8276
127.472
175.0197
330.012
659.7386
948.0305
1155.136
1221.294
1150.08
936.828
604.1535
382.5198
184.7724
90.69243
58.15002
47.94216
39.04987
38.42106
110.6551
283.831
602.3631
1025.655
1321.443
1520.15
1437.39
1239.6
791.8092
461.9396
283.8372
177.5244
125.8493
90.41631
65.46713
48.89326
65.62101
96.12662
118.2429
148.9367
136.8733
140.9213
146.5227
150.6561
160.6464
162.0747
137.822
90.71334
65.27491
44.40135
30.63293
31.87041
29.19299
24.93213
24.2384
12.23917
7.198127
4.179389
2.859782
4.90043
6.050586
7.183877
5.693556
3.704115
2.804774
1.008554
0.6442979
0.6735151
0.9424194
0.9424194
0.8902807
0.4791995
1.026182
0.2109614
0
0
0
0
0
0
0
0
0
0
0
0
0
0
0.02220004
0.2614732
0.6077555
0.7605751
0.07538543
0
0
0
0
0
0
0
0
0
0
0.003521093
0.0848892
0.9478142
4.530155
3.041266
7.365195
8.191353
13.17467
19.65054
17.46757
18.38266
22.29723
35.76713
45.53399
67.01037
89.90098
89.07813
78.70138
79.53983
84.39986
97.06868
105.5105
92.54183
90.51881
94.30303
98.31973
128.2044
157.5029
198.419
259.0433
389.3686
604.8861
805.038
937.4893
1004.375
958.2545
785.5968
495.2261
295.0499
137.4361
91.04963
97.18008
112.5377
89.56776
37.5998
48.82101
183.7318
479.0721
848.277
1120.46
1278.121
1230.123
1116.448
781.8161
534.7672
368.5498
249.2963
168.587
124.878
88.98265
69.86993
84.63687
110.9901
130.3924
155.1291
154.8721
159.4907
139.5748
144.2377
129.8704
116.6012
87.88318
50.35612
25.55311
18.13286
22.99145
29.95328
33.0269
32.01715
25.05239
17.16058
6.288986
4.453417
2.393334
4.231196
2.7503
3.656124
1.116514
0.5694467
0.8128932
0.1613426
0
0
0.008190831
0.07890653
0.04059769
0.1022552
0.2472997
0
0
0
0
0
0
0
0
0
0
0
0
0
0
0
0
0
0
0
0
0
0
0
0
0
0
0
0
0
0
0
0
0
0
0.0472479
0.9040091
5.585552
13.99384
23.17638
17.762
15.5026
8.812323
9.433782
16.56684
30.21241
51.42853
71.08727
79.52657
102.9803
107.6499
104.6002
111.2342
96.19232
93.48167
109.8705
127.6936
180.4339
243.5044
322.544
389.1771
482.8589
592.0348
693.2286
759.6222
810.1284
768.3494
645.5546
395.3332
219.5974
93.23533
80.16385
130.6595
172.3606
136.4434
52.88899
20.63079
124.2411
377.2005
702.4235
905.5522
1044.513
1034.714
990.1631
824.3972
638.4766
495.6237
358.6765
258.4658
197.5627
143.4509
105.1377
100.5418
115.9731
126.4263
151.7069
167.5891
154.8509
135.7188
127.5297
91.76772
60.07306
35.99011
13.60156
2.950296
4.4569
16.28098
29.43969
42.07075
38.43752
25.6092
16.63004
4.510586
0.008874068
0.001477876
0.04205796
0.3228027
0.5620053
0.01360183
0
0
0
0
0
0
0
0
0
0
0
0
0
0
0
0
0
0
0
0
0
0
0
0
0
0
0
0
0
0
0
0
0
0
0
0
0
0
0
0
0.01161467
0.1118901
0.04595321
0
0
0.1956294
2.971226
13.3196
25.79711
24.01552
20.37748
6.346167
1.26089
1.507471
7.452932
26.23973
49.39318
77.5308
104.9293
110.8816
108.5337
104.3687
88.72783
90.9633
114.0864
151.3164
230.4031
330.9103
435.5682
512.6123
551.2691
554.5137
552.8832
558.3007
569.7814
552.6095
467.0689
284.0077
143.1937
48.64198
55.08646
112.0926
159.1304
129.7974
48.85819
8.054876
86.67377
285.5071
531.1402
668.6567
769.6143
796.4022
818.6613
788.5607
698.1029
594.3042
467.7394
357.3493
261.2583
185.738
130.7174
113.2072
112.0628
119.8461
136.8924
152.3162
137.1602
122.0885
96.64373
53.11515
20.13336
11.00221
1.123683
2.455928
8.541417
23.527
39.96907
46.03396
40.62166
24.20008
8.392936
1.187019
0.797906
1.600525
2.943821
6.273345
6.282049
5.392438
3.27346
1.143367
0
0
0
0
0
0
0
0
0
0
0
0
0
0
0
0
0
0
0
0
0
0
0
0
0
0
0
0
0
0
0
0
0
0
0
0
0
0.2007178
2.050441
2.21983
3.348418
1.127751
0
0.3771575
5.043586
17.6293
32.52731
34.94777
29.80793
14.66549
2.085361
1.844223
2.146864
18.34558
38.00441
67.05403
103.4962
102.4328
98.79058
92.23581
77.54162
82.60663
110.6845
160.4947
269.6769
390.9181
526.6173
609.9597
622.4761
539.4504
458.7603
416.887
404.9963
396.0429
351.4066
208.7624
101.9932
26.0169
24.05998
70.18188
105.8832
85.52483
34.53524
11.25894
80.67799
231.7894
413.1239
504.9632
575.6318
622.1875
687.8232
774.6807
731.8473
674.5919
552.6601
426.5022
310.5369
212.8048
148.2352
111.0139
99.75067
105.3131
108.5627
120.6498
109.849
94.73052
71.55899
28.98728
8.996942
4.645149
1.732189
9.167412
21.45325
43.16183
59.54744
54.99409
42.58041
23.05358
7.451726
1.573826
1.216379
1.623252
6.943895
8.848149
14.35842
11.68098
8.213842
6.356499
6.192496
3.384826
0
0
0
0
0
0
0
0
0
0
0
0
0
0
0
0
0
0
0
0
0
0
0
0
0
0
0
0
0
0
0
0
0
0
0.1093081
1.46826
4.367667
1.12331
0.9646722
2.203973
0
0.1407454
2.74815
17.02749
38.06544
44.39143
37.33146
22.98483
6.221149
1.368998
1.768921
11.17587
26.7643
45.15719
68.8923
74.47495
65.27572
64.29162
61.98289
74.32008
99.78412
157.6299
279.8816
402.6629
552.9508
638.6801
625.4122
496.8497
382.3672
303.9502
288.7942
297.1503
276.1354
182.9931
98.47953
24.56912
2.837776
18.05356
38.37155
30.31101
12.63752
24.91262
99.03754
223.5762
349.1172
393.4037
437.298
487.7252
577.2603
707.3012
715.2255
685.9819
576.3487
445.8875
315.2103
205.9778
140.8326
95.16009
73.66281
71.28156
68.52697
71.95567
68.82977
61.98313
41.58967
16.29806
1.194077
1.100331
4.133945
15.67029
32.42228
60.10315
71.05871
63.17336
42.47427
19.47726
3.886899
0
0
0.397457
4.437309
8.253268
11.2242
12.70241
9.68388
5.718807
2.968325
0.4898853
0
0
0
0
0
0
0
0
0
0
0
0
0
0
0
0
0
0
0
0
0
0
0
0
0
0
0
0
0
0
0
0
0
0
0.1851755
2.190896
4.899154
4.443024
5.890008
5.768467
0.203002
0.8542782
5.90097
20.33646
38.81697
46.62849
39.91841
25.91099
10.673
6.291861
2.486185
7.270482
20.8158
27.14255
34.79241
31.05257
33.48432
36.81906
44.17039
66.25454
97.20434
154.3281
269.8485
394.2559
534.2898
612.1281
590.6701
443.5019
336.162
266.6735
252.1788
277.1744
266.5382
194.0318
132.098
51.09604
10.24379
2.346383
7.281756
8.281433
12.57292
53.64524
139.7611
253.9399
352.4786
378.7618
395.89
438.9281
506.3785
634.6149
662.352
661.7127
556.4865
436.5231
309.5467
198.7092
124.6786
74.0471
47.53527
39.69484
29.84345
33.74495
37.15065
33.05044
25.77152
9.61395
5.652624
1.684719
4.049834
16.76515
36.72305
62.40147
72.42724
72.02052
50.36113
25.8243
4.245671
0.3517639
0.4305736
3.514441
7.721005
12.80646
10.59056
9.938321
9.328409
5.330779
4.087293
1.76804
2.821753
3.731763
3.071158
3.468008
5.632276
5.151057
1.970105
1.287835
0.2558599
0.5651869
0.1847189
0.5574572
0.07492965
0.2326709
0
0
0
0
0
0
0
0
0
0
0
0
0
0
0
0
0
0
0
0
0
0.02444321
0.2421715
0.204507
0.4347844
0.0917324
0
0.5534232
5.968644
10.32612
23.98346
30.48296
21.35507
12.62484
2.51164
0.9769139
2.572523
6.270348
9.006418
12.67991
15.69191
7.956976
10.10831
14.54432
24.43148
49.27661
79.46304
138.8686
239.7872
338.332
446.2157
492.691
480.228
365.7179
294.7063
256.8811
257.1731
282.9198
275.3839
224.9868
169.8601
93.28806
38.78597
18.93219
5.606888
8.863745
28.17439
90.4164
181.3983
289.1887
373.1561
400.7041
405.4414
403.0265
446.6634
531.6117
564.176
559.1657
492.2859
390.0711
283.0478
182.4623
109.3196
49.89798
21.39336
11.26652
8.85497
14.3852
18.68265
21.10614
19.16308
14.72844
4.723099
0.7962596
1.345816
8.470447
20.90046
40.24013
52.63855
48.86463
37.74594
19.53825
3.785497
0.1916579
0.04635182
0.685533
2.746523
4.25457
9.01085
6.38846
5.035073
4.194888
1.702926
0.07200993
0.1350079
0.1720167
0.8544857
1.118687
0.6543616
1.37413
0.06477181
0.07200993
0.1799918
0.5303858
0.2439594
0.1683164
0.1053184
0.142246
0
0
0
0
0
0
0
0
0
0
0
0
0
0
0
0
0
0
0
0
0
0
0
0
0
0
0
0
0
1.218911
12.52547
13.08022
9.991433
2.972066
0
0.08395707
1.396201
6.791053
10.93848
12.56859
10.72046
8.672127
0.6764683
1.761019
8.704369
36.79333
67.84844
112.9341
183.0055
247.575
309.8578
324.0589
320.3333
269.9709
271.6633
263.0061
289.1034
314.0943
296.778
256.3992
218.3844
152.0007
97.10692
73.60721
52.2176
58.84682
82.05809
154.73
236.5811
326.9884
387.525
420.8951
419.6225
388.5172
405.6866
398.1042
407.3619
409.7927
377.9303
308.5585
240.8238
173.2468
103.1474
44.07341
14.96525
3.402112
10.33192
15.24958
23.13502
30.00031
26.50349
20.0305
7.951899
0.5418739
0.086476
1.610911
9.234687
18.4309
25.20425
24.09673
17.80171
7.332127
0
0
0
0
0
0
0
0
0
0
0
0
0
0
0
0
0
0
0
0
0
0
0
0
0
0
0
0
0
0
0
0
0
0
0
0
0
0
0
0
0
0
0
0
0
0
0
0
0
0
0
0
0
0.1285846
1.444708
3.057393
6.858758
8.230927
4.011703
2.885604
2.196734
1.657289
1.828426
7.931505
8.761545
12.48195
14.79381
10.703
5.178195
9.793511
18.40268
38.9806
68.15863
87.96095
130.1164
153.1501
165.4349
160.8829
177.8653
189.5665
234.3376
252.8194
291.5654
333.4524
307.3517
291.1336
271.4519
223.2707
166.196
144.9569
121.9885
135.444
175.0285
245.4988
296.0744
362.4113
385.0559
421.5986
399.4922
341.6495
318.0043
267.5886
250.4821
237.5851
235.5741
206.5896
184.338
154.8566
103.4722
65.86503
40.84044
19.12973
18.60295
18.35927
27.98627
31.03991
25.14991
18.58857
11.47057
8.464826
4.598536
6.28917
9.452056
11.41483
11.83598
13.89827
9.884918
4.096153
0
0
0
0
0
0
0
0
0
0
0
0
0
0
0
0
0
0
0
0
0
0
0
0
0
0
0
0
0
0
0
0
0
0
0
0
0
0
0
0
0
0
0
0
0
0
0
0
0
0
0
0
0
0
0.3595741
3.984949
6.755086
5.785372
8.734617
10.03501
7.07111
7.642716
5.457648
4.477525
5.766514
5.405646
8.402031
19.17525
28.20218
36.55532
53.53692
70.0112
88.694
80.31791
80.66121
79.72087
63.64479
50.99468
65.30419
104.7505
157.7088
182.6
234.2344
282.9857
275.5923
287.8583
300.4158
266.4255
214.5141
201.0336
193.3396
217.3413
256.9984
313.4781
331.2327
359.9872
344.1517
348.907
300.7408
232.8244
201.6355
135.9564
109.0863
98.05783
98.50211
104.8144
125.1976
138.8904
120.1232
113.6102
100.6874
69.96079
45.70608
24.03532
24.36639
21.00635
16.17037
13.05332
15.85788
18.06519
16.71395
17.46443
20.39934
13.19318
11.1066
14.88147
12.2093
9.056267
7.101478
3.351075
0
0
0
0
0
0
0
0
0
0
0
0
0
0
0
0
0
0
0
0
0
0
0
0
0
0
0
0
0
0
0
0
0
0
0
0
0
0
0
0
0
0
0
0
0
0
0
0
0
0.4688905
5.346604
10.37789
8.571569
4.61971
9.38192
7.407372
12.20324
9.65957
13.31523
15.43956
14.19344
3.031453
3.650214
1.221265
10.41568
30.79349
58.92084
74.5814
92.55036
102.0117
109.1347
95.33827
75.73895
55.95731
29.64836
15.30411
18.18794
43.84658
82.74439
103.2344
143.7298
192.3577
204.3388
239.6966
279.2857
258.6419
223.2086
225.9965
230.1247
265.9503
295.5023
338.8393
329.9315
313.0666
256.4023
237.898
187.8591
127.0967
101.2266
55.70914
37.70375
28.82357
46.51932
58.022
99.3869
134.6571
132.2089
144.7518
141.8771
110.0323
69.74569
40.98872
22.66194
5.4537
2.227513
3.820247
13.02151
19.75477
26.99149
27.42865
25.57545
18.17848
17.49411
15.57217
12.68782
14.25264
15.90514
11.74361
8.427125
6.347324
3.930748
2.700759
2.158862
0.604857
0.7773897
0.4809373
1.710524
0.8892617
1.6008
0.08310634
0
0
0
0
0
0
0
0
0
0
0
0
0
0
0
0
0
0
0
0
0
0
0
0
0
0
0
0
0
0
0
0
0
0
0
0
0.1352989
2.29557
10.91527
12.78758
12.70834
7.687566
5.902174
2.312693
9.789897
11.66279
17.16557
19.26452
14.36883
4.152927
2.987639
4.13791
17.54514
41.70482
65.60055
82.26307
103.4375
113.6784
111.8669
109.8505
87.10773
58.00908
32.48986
16.52191
10.4006
22.25653
35.27973
37.92681
63.12375
99.33318
124.6173
171.2552
225.0254
230.3709
212.6867
231.0759
243.2634
276.6043
295.1708
313.6032
272.8414
237.7247
155.0664
133.3764
90.87676
57.53044
46.62252
22.90096
15.50241
25.34346
41.00405
54.92665
91.368
125.5738
121.1716
131.7631
137.0521
112.8607
77.49478
55.45027
25.96375
5.253559
1.711373
3.182004
13.9606
18.78202
29.187
31.46695
30.45087
20.04436
11.99595
9.762545
9.041874
15.22713
20.43271
16.33994
16.93016
9.392128
10.15174
8.099456
3.290626
1.658201
2.006042
4.323024
2.598682
4.970671
8.149531
3.457222
0
0
0
0
0
0
0
0
0
0
0
0
0
0
0
0
0
0
0
0
0
0
0
0
0
0
0
0
0
0
0
0
0
0
0
0
0.1356196
2.162617
9.363012
9.732992
9.933913
5.666535
3.797214
0.8180677
6.129857
12.85449
16.61406
21.81723
15.15588
4.187605
2.234208
2.9594
13.25596
32.94402
52.32411
62.49835
81.07556
94.43031
96.79524
99.5966
89.04699
62.33123
41.81508
29.84792
21.25161
20.96326
18.43348
16.22834
19.01869
42.64169
71.83939
126.2792
190.695
218.1418
218.475
243.3544
260.2232
288.1566
291.6825
293.3555
230.6175
180.077
95.52764
68.41404
36.79061
22.19491
24.0533
19.37337
22.78533
37.772
49.90154
61.00618
89.11556
109.5832
101.4418
112.9442
105.2494
90.13353
62.17887
50.92813
23.42574
3.226025
0.9895911
3.315879
11.14533
17.31022
25.91658
24.31923
28.45471
18.38183
7.658344
3.837122
9.437404
13.2963
20.81447
22.97179
21.00911
12.76683
13.21848
6.826721
3.49784
2.176099
1.010649
4.523479
2.201029
5.404439
4.277319
5.324448
4.574731
0
0
0
0
0
0
0
0
0
0
0
0
0
0
0
0
0
0
0
0
0
0
0
0
0
0
0
0
0
0
0
0
0
0
0
0.2784114
3.011692
4.741054
6.418945
8.078645
3.055413
0.6367872
2.021363
9.398428
9.58984
12.95694
18.75021
15.68327
2.666634
1.014606
0.2810568
3.711025
12.82415
25.75545
31.78754
47.5786
59.09781
57.72103
73.16994
70.02551
51.94718
44.05963
39.98463
30.26302
28.18411
13.558
6.363388
3.187088
17.59242
45.07243
100.4308
166.8188
205.774
209.6212
245.8787
259.3341
286.0347
286.0206
261.8212
206.9498
147.3398
60.21852
28.81707
8.03788
6.720748
19.09567
23.11594
31.18408
45.24113
52.43843
52.43889
68.43436
74.12053
67.17192
66.28068
61.15161
54.42247
36.10895
25.99714
9.122415
2.219097
0.9517109
4.74736
12.37691
17.29475
21.61723
22.77916
23.9695
14.65186
7.708156
6.048876
4.181245
6.829407
13.57329
13.87073
15.43947
9.123813
11.72363
2.158776
1.072371
0
0
0
0
0
0
0
0
0
0
0
0
0
0
0
0
0
0
0
0
0
0
0
0
0
0
0
0
0
0
0
0
0
0
0
0
0
0
0
0
0
0
0
0
0.01489913
0.3946387
2.93144
5.385769
2.242521
2.362489
3.388302
9.265817
9.455808
8.195296
14.96645
14.16166
3.076039
1.403711
0.9899008
1.888681
2.92507
5.062614
9.893776
18.55125
26.30404
28.04408
40.56104
44.53882
37.94432
39.11927
43.35343
41.82019
35.27344
18.4085
6.609294
1.269687
13.93288
36.84746
94.18199
157.9933
191.0918
207.2056
239.3237
259.4023
282.4387
271.8023
247.5577
187.1791
132.3587
47.70788
16.66344
0.4470974
3.099637
12.03645
27.04873
38.52585
44.68485
45.26574
41.22056
48.32446
42.03202
41.15011
34.59764
25.30924
25.77668
12.75951
11.45196
3.517495
3.330105
2.733031
8.560192
13.57202
18.7385
15.94526
20.85526
19.24622
11.95876
8.924861
6.517165
3.392766
7.812944
10.06821
7.776229
4.978984
7.61851
3.613462
3.21464
0.3121929
0
0
0
0
0
0
0
0
0
0
0
0
0
0
0
0
0
0
0
0
0
0
0
0
0
0
0
0
0
0
0
0
0
0
0
0
0
0
0
0
0
0
0
0
0
0
0.1808406
2.454402
7.815828
5.543641
5.733683
8.823193
8.328893
4.966425
9.545822
10.4129
10.48123
15.35852
15.01264
13.26261
2.962106
1.480211
2.070379
3.274527
8.49041
8.099149
17.08583
21.70679
16.66021
20.38248
33.75966
42.22752
38.35656
24.22917
15.68566
6.680967
20.88345
39.04396
82.08185
128.8885
165.1399
183.8918
217.5868
228.678
251.0814
236.6801
206.1616
153.9834
105.7322
39.98071
17.5721
5.168151
8.554258
17.0837
30.43361
35.52252
35.14445
25.5759
21.08185
25.99837
16.56306
17.25856
12.00789
4.198335
6.401052
2.621382
11.21439
11.82422
21.49575
20.73922
22.53861
24.25835
25.13066
18.63821
14.40327
14.36386
11.40675
12.446
15.13116
12.69006
12.26407
7.943967
4.542616
3.927267
4.045072
1.050508
3.049138
3.627726
0.6831873
0
0
0
0
0
0
0
0
0
0
0
0
0
0
0
0
0
0
0
0
0
0
0
0
0
0
0
0
0
0
0
0
0
0
0
0
0
0
0
0
0
0
0
0
0
0.3227051
3.639849
6.715644
5.696376
6.356481
6.094665
4.047484
1.359175
5.400894
13.41717
20.32335
30.58966
31.00829
24.3714
11.44196
1.04542
0.02813226
0
0
0.0999702
1.107937
1.929836
2.65315
9.668944
23.75671
29.5359
33.70338
22.93782
16.09208
9.486284
18.24973
32.96176
55.95287
98.80528
127.7249
148.7167
179.5314
198.6219
209.2768
185.3166
160.0775
111.8508
79.51018
27.60521
11.91092
4.232768
10.72388
19.59796
22.87883
26.85705
21.58664
8.990297
7.52352
4.749318
1.740039
0.1027194
0
0
0.2216629
3.63762
16.32763
18.32794
34.74328
37.22743
33.8809
31.06311
24.22906
13.62649
9.641696
6.679754
5.269203
7.878523
10.2899
13.40624
9.080308
5.872844
2.668412
2.625685
0.5874404
2.03182
2.65989
0.7790723
0.4012274
0
0
0
0
0
0
0
0
0
0
0
0
0
0
0
0
0
0
0
0
0
0
0
0
0
0
0
0
0
0
0
0
0
0
0
0
0
0
0
0
0
0
0
0
0
0.5821823
6.352167
10.23113
10.63552
6.346498
1.891287
1.277097
4.793918
5.576596
16.10556
26.97773
36.12189
39.93338
30.16647
22.56199
6.48988
4.035559
0
0
0
0
0.27412
3.112869
6.930742
16.08732
23.30977
24.31335
23.21506
13.55506
10.7882
16.05213
21.89584
40.98494
73.40813
106.3859
128.1192
158.9808
174.8621
177.8758
155.2358
116.4433
79.59098
57.90382
24.33835
13.39307
9.887855
18.84101
19.19233
19.46903
19.43141
13.21835
5.68792
3.480965
0.2031962
0
0
0
0
0.761465
8.72665
18.33738
27.72225
45.82896
43.80888
43.24597
42.39873
28.47052
15.94354
12.02842
6.472142
6.637783
6.550159
13.00296
9.408956
15.40853
9.72852
6.603433
4.405674
6.297486
5.356698
4.818942
3.944464
6.372466
4.629697
6.547678
2.2792
0
0
0
0
0
0
0
0
0
0
0
0
0
0
0
0
0
0
0
0
0
0
0
0
0
0
0
0
0
0
0
0
0
0
0
0
0
0
0
0
0
0
0.1351804
1.356829
1.111532
0.685526
0
0
0
0.6749917
7.376127
13.07502
24.43917
27.50657
28.30385
20.72812
15.9225
7.0921
4.722238
0.4467536
0.2699355
0.2795414
0.3775563
0.5011345
0.8605786
1.674703
6.30934
8.23941
11.55436
11.53962
8.964709
7.000548
12.34279
13.93499
30.53537
54.89403
85.77015
110.9947
143.8707
161.0938
157.2517
129.6116
93.268
56.88436
38.15096
13.98688
10.11615
10.18853
11.34257
11.9697
9.007611
6.130826
1.413252
1.368621
0.3775563
0.4202988
0
0
0
0.05527248
1.05092
6.250862
13.50862
21.06177
35.51432
33.0964
36.20027
35.69114
22.06342
12.2197
5.890336
2.932239
3.383589
6.475387
6.073237
7.980283
8.763618
10.031
5.348304
1.453652
2.169052
0
0
0.02367301
0.2178778
0
0
0
0
0
0
0
0
0
0
0
0
0
0
0
0
0
0
0
0
0
0
0
0
0
0
0
0
0
0
0
0
0
0
0
0
0
0
0
0
0
0
0.03038614
0.3271729
0.7489367
3.076681
2.184492
2.587297
1.20843
1.471854
0.6472162
0.08525087
0.3622203
4.486418
12.44949
18.44334
15.38021
15.597
13.0449
11.09543
5.103753
0
0
0.1477908
1.666839
3.305625
4.651678
1.852873
0
0
0.01026278
0.1183283
0.5030354
3.35035
7.606906
8.301603
13.82013
29.13725
51.89204
81.92693
110.0393
137.7531
151.2855
149.8767
117.5254
83.54769
54.06798
36.33429
15.97206
11.27954
8.222769
8.141253
3.887377
0.09445486
0
0
0.4842255
5.10379
6.083003
1.167246
0
0.003981886
0.07887694
0.4692918
1.24202
6.059766
15.64965
22.43302
20.21958
22.8379
23.30803
16.86009
10.20325
3.395832
2.055345
3.16014
1.56382
5.471485
6.982033
3.102684
0.05109481
0.6373952
1.813747
2.791158
2.467073
1.041193
0
0
0
0
0
0
0
0
0
0
0
0
0
0
0
0
0
0
0
0
0
0
0
0
0
0
0
0
0
0
0
0
0
0
0
0
0
0
0
0
0
0
0
0
0.001057408
0.102732
0.8751187
0.1775831
0.09992734
0.8890199
0.6633172
1.118599
0.04181874
0.3189614
1.5996
2.933346
2.881612
3.616623
5.170712
4.211393
3.951824
3.038963
0.3285689
0.007219127
0
0.1860492
2.062328
3.617621
4.076332
3.945228
0.0263674
0
0
0
0.01777763
0.5338828
4.076302
7.525228
14.8613
24.74279
46.43303
79.86152
97.20027
119.716
127.29
127.4238
100.4361
71.86047
51.81421
36.94506
19.3099
11.13318
5.483224
7.213035
0.1847133
0.03672592
0.00904376
0.02589969
0.1006257
0.4434989
3.12342
4.563247
2.571606
0.3080775
0.05233877
0
0.037635
0.8795445
5.52511
6.29735
6.249908
6.632168
7.0522
5.675864
2.707395
2.227345
0.8639388
1.173694
0.04221233
0.06135902
0
0
0
0
0
0
0
0
0
0
0
0
0
0
0
0
0
0
0
0
0
0
0
0
0
0
0
0
0
0
0
0
0
0
0
0
0
0
0
0
0
0
0
0
0
0
0
0
0
0
0
0
0
0
0
0
0
0
0
0
0
0
0
0
0.02501624
0.2394703
0.1528212
0.8189465
1.797229
0.1047026
0.2594472
0.8384364
1.386496
3.077702
8.067535
5.986122
4.640515
4.75213
1.922003
1.440748
0
0
0.01041199
0.5830753
5.613465
12.17663
18.92408
27.14089
44.37058
57.52721
67.66273
83.57666
89.80914
92.01714
73.41113
58.45909
44.62559
37.72209
23.44975
16.18746
11.30305
7.571873
5.057202
6.20962
4.095197
4.713692
3.894345
3.566877
7.549633
8.01551
7.338555
6.098284
9.811302
2.460777
3.499042
1.569475
5.213234
3.026286
3.066738
2.318708
1.525093
0.6895792
0
0
0
0
0
0
0
0
0
0
0
0
0
0
0
0
0
0
0
0
0
0
0
0
0
0
0
0
0
0
0
0
0
0
0
0
0
0
0
0
0
0
0
0
0
0
0
0
0
0
0
0
0
0
0
0
0
0
0
0
0
0
0
0
0
0
0
0
0
0
0
0
0.02774143
0.3656149
1.248534
2.873142
7.458582
8.074019
8.077914
6.210427
5.688988
2.441098
4.298427
1.855417
3.603242
3.406783
3.427654
6.422112
5.876755
7.674246
12.37373
16.8881
19.57167
28.54194
29.93057
36.49428
36.68152
37.19168
40.45412
43.65974
40.52225
35.02003
29.41558
33.14871
22.34746
21.25071
20.87055
14.44775
13.15825
11.34695
8.259569
9.907764
7.794603
6.391002
2.345491
3.624247
6.405196
6.752662
9.617199
9.941288
8.772463
5.579716
5.298638
4.61149
3.790586
0
0
0
0
0
0
0
0
0
0
0
0
0
0
0
0
0
0
0
0
0
0
0
0
0
0
0
0
0
0
0
0
0
0
0
0
0
0
0
0
0
0
0
0
0
0
0
0
0
0
0
0
0
0
0
0
0
0
0
0
0
0
0
0
0
0
0
0
0
0
0
0.005458216
0.09912637
0.5391753
0.8409087
0.4180392
2.657707
5.145481
5.738779
6.46984
5.723122
6.974414
2.160616
0.2953065
0
0
0.09033852
0.9450825
1.477181
4.44255
5.130386
8.191682
11.30633
17.00812
22.73172
20.15801
21.13775
20.85758
19.7987
17.37667
17.49055
16.96848
18.06275
17.79436
16.09796
18.40258
21.49579
23.77987
23.45981
20.85794
21.77277
12.43056
11.89656
7.637413
6.458737
5.477014
3.584071
4.678525
2.706281
1.396824
4.057235
4.165375
4.463438
9.137407
9.379805
2.826846
4.337759
4.584606
3.826655
1.860398
0
0
0
0
0
0
0
0
0
0
0
0
0
0
0
0
0
0
0
0
0
0
0
0
0
0
0
0
0
0
0
0
0
0
0
0
0
0
0
0
0
0
0
0
0
0
0
0
0
0
0
0
0
0
0
0
0
0
0
0
0
0
0
0
0
0
0
0
0
0.1234767
1.435311
3.111582
3.882534
5.625775
4.697796
4.981602
4.879869
0.5751501
0.6951949
0.505584
0
0
0
0
0
0.1794756
1.793019
1.832465
5.768242
8.964276
11.00137
16.37315
18.60721
16.69982
17.80181
15.56868
16.70863
16.13772
13.92543
14.268
15.62759
12.47222
13.6651
15.98412
17.1083
18.88841
20.43489
21.65923
16.40411
9.765415
9.566672
8.289421
7.04398
1.962962
3.602865
1.823625
0
0
0
0
0.1969191
2.221641
4.123564
3.744058
4.736768
5.322931
7.01384
5.013473
4.918568
0
0
0
0
0
0
0
0
0
0
0
0
0
0
0
0
0
0
0
0
0
0
0
0
0
0
0
0
0
0
0
0
0
0
0
0
0
0
0
0
0
0
0
0
0
0
0
0
0
0
0
0
0
0
0
0
0
0
0
0
0
0
0
0
0
0
0
0
0
0
0.1165756
1.285284
2.097539
1.363847
0.4374943
0
0
0
0
0
0
0
0
0
0
0.04753494
0.55407
1.406256
3.418348
4.093265
8.967418
10.07438
10.53566
8.422405
11.15951
10.50944
11.61243
11.89872
12.42885
12.41348
8.682547
8.446243
7.808427
7.473637
9.368365
10.68876
9.688413
8.578359
3.381681
1.085236
1.099773
1.308925
3.481379
2.636521
3.945645
0.2622018
0.06704373
0
0
0
0
0
0
0
0.1338358
1.279311
0.4374943
0
0
0
0
0
0
0
0
0
0
0
0
0
0
0
0
0
0
0
0
0
0
0
0
0
0
0
0
0
0
0
0
0
0
0
0
0
0
0
0
0
0
0
0
0
0
0
0
0
0
0
0
0
0
0
0
0
0
0
0
0
0
0
0
0
0
0
0
0
0
0
0
0
0
0
0
0
0
0
0
0
0
0
0
0.09118049
1.051861
1.971787
0.2711292
1.650591
3.831892
3.534448
4.805904
4.415214
5.340978
6.206406
7.697965
9.600238
8.67961
10.34238
12.48117
11.58235
11.23107
9.822679
6.89335
5.539671
5.508986
8.230988
4.095678
4.570247
3.432045
1.040172
2.808289
0.5418922
0.8007778
2.746073
1.07794
1.731239
1.027283
0
0
0
0
0
0
0
0
0
0
0
0
0
0
0
0
0
0
0
0
0
0
0
0
0
0
0
0
0
0
0
0
0
0
0
0
0
0
0
0
0
0
0
0
0
0
0
0
0
0
0
0
0
0
0
0
0
0
0
0
0
0
0
0
0
0
0
0
0
0
0
0
0
0
0
0
0
0
0
0
0
0
0
0
0
0
0
0
0
0
0
0
0
0
0
0
0
0
0
0
0
0
0.1772492
2.047386
4.208821
3.833029
3.658625
5.636172
6.987316
9.488309
9.462043
6.799132
2.726738
0
0
0
0
0
0
0
0
0
0
0.09033737
1.12015
2.788049
1.635914
4.416241
4.276465
2.361262
1.984764
0
0
0
0
0
0
0
0
0
0
0
0
0
0
0
0
0
0
0
0
0
0
0
0
0
0
0
0
0
0
0
0
0
0
0
0
0
0
0
0
0
0
0
0
0
0
0
0
0
0
0
0
0
0
0
0
0
0
0
0
0
0
0
0
0
0
0
0
0
0
0
0
0
0
0.2083882
2.145317
2.389236
2.945686
2.239266
2.523223
3.071875
1.724257
5.003785
2.309445
3.540478
5.864798
3.159387
5.412925
7.650954
4.752176
5.396317
5.74932
2.147491
0.2336228
0.3850978
1.997882
3.563577
2.858805
1.652315
2.81079
2.559991
2.46301
2.720736
2.176981
2.823744
6.722419
6.595675
6.113643
5.547841
0.944401
0
0.09332819
1.253371
3.817159
1.932072
1.930424
0
0.2432484
2.669488
4.636764
6.660615
4.952755
6.266862
5.456537
6.722151
7.500175
4.866037
4.930446
0.9476788
0
0
0
0
0
0
0
0
0
0
0
0
0
0
0
0
0
0
0
0
0
0
0
0
0
0
0
0
0
0
0
0
0
0
0
0
0
0
0
0
0
0
0
0
0
0
0
0
0
0
0
0
0
0
0
0
0
0
0
0
0
0
0
0
0
0
0
0
0
0
0
0
0
0
0
0
0
0
0
0
0
0.1070842
1.475045
5.214394
7.100807
5.561942
3.078697
3.398654
3.721489
2.342996
3.868958
1.923553
2.29458
3.319927
3.517844
0.9154538
0
0
0
0
0
0
0
0
0
0
0
0
0
0
0
0
0
0
0
0.05456533
0.7240789
2.127389
0.917978
1.295853
1.029401
3.732408
3.683816
4.767642
6.091518
4.098433
4.969305
2.602516
4.981159
3.274268
1.526543
0.5404184
0
0
0
0
0
0
0
0
0
0
0
0
0
0
0
0
0
0
0
0
0
0
0
0
0
0
0
0
0
0
0
0
0
0
0
0
0
0
0
0
0
0
0
0
0
0
0
0
0
0
0
0
0
0
0
0
0
0
0
0
0
0
0
0
0
0
0
0
0
0
0
0
0
0
0
0
0
0
0
0.2335746
2.356422
2.017248
1.357004
2.847721
0.9368412
0.3143394
0.08123995
0.1208064
0.1165074
0.08553895
0.1485332
0
0
0
0
0
0
0
0
0
0
0
0
0
0
0
0
0
0
0
0
0
0
0
0.09351323
1.028301
1.698333
1.494065
0.7771301
2.141347
3.463826
1.463677
1.546404
0
0
0.02043753
0.3912251
1.88921
0.2062126
0.227666
0
0
0
0
0
0
0
0
0
0
0
0
0
0
0
0
0
0
0
0
0
0
0
0
0
0
0
0
0
0
0
0
0
0
0
0
0
0
0
0
0
0
0
0
0
0
0
0
0
0
0
0
0
0
0
0
0
0
0
0
0
0
0
0
0
0
0
0
0
0
0
0
0
0
0
0
0
0
0
0
0
0
0
0
0
0
0
0
0
0
0
0
0
0.07103134
0.9119868
2.532528
1.688162
2.479703
1.496075
2.365238
2.816176
1.353072
1.00503
1.386334
0.9563796
0
0
0
0
0
0
0
0
0
0
0
0
0
0
0
0
0
0
0
0
0
0
0
0
0
0
0
0
0
0
0
0
0
0
0
0
0
0
0
0
0
0
0
0
0
0
0
0
0
0
0
0
0
0
0
0
0
0
0
0
0
0
0
0
0
0
0
0
0
0
0
0
0
0
0
0
0
0
0
0
0
0
0
0
0
0
0
0
0
0
0
0
0
0
0
0
0
0
0
0
0
0
0
0
0
0
0
0
0
0
0
0
0
0
0
0
0
0
0
0
0
0
0
0
0
0
0
0
0
0
0
0
0
0
0
0
0
0
0
0
0
0
0
0
0
0
0
0
0
0
0
0
0
0
0
0
0
0
0
0
0
0
0
0
0
0
0
0
0
0
0
0
0
0
0
0
0
0
0
0
0
0
0
0
0
0
0
0
0
0
0
0
0
0
0
0
0
0
0
0
0
0
0
0
0
0
0
0
0
0
0
0
0
0
0
0
0
0
0
0
0
0
0
0
0
0
0
0
0
0
0
0
0
0
0
0
0
0
0
0
0
0
0
0
0
0
0
0
0
0
0
0
0
0
0
0
0
0
0
0
0
0
0
0
0
0
0
0
0
0
0
0
0
0
0
0
0
0
0
0
0
0
0
0
0
0
0
0
0
0
0
0
0
0
0
0
0
0
0
0
0
0
0
0
0
0
0
0
0
0
0
0
0
0
0
0
0
0
0
0
0
0
0
0
0
0
0
0
0
0
0
0
0
0
0
0
0
0
0
0
0
0
0
0
0
0
0
0
0
0
0
0
0
0
0
0
0
0
0
0
0
0
0
0
0
0
0
0
0
0
0
0
0
0
0
0
0
0
0
0
0
0
0
0
0
0
0
0
0
0
0
0
0
0
0
0
0
0
0
0
0
0
0
0
0
0
0
0
0
0
0
0
0
0
0
0
0
0
0
0
0
0
0
0
0
0
0
0
0
0
0
0
0
0
0
0
0
0
0
0
0
0
0
0
0
0
0
0
0
0
0
0
0
0
0
0
0
0
0
0
0
0
0
0
0
0
0
0
0
0
0
0
0
0
0
0
0
0
0
0
0
0
0
0
0
0
0
0
0
0
0
0
0
0
0
0
0
0
0
0
0
0
0
0
0
0
0
0
0
0
0
0
0
0
0
0
0
0
0
0
0
0
0
0
0
0
0
0
0
0
0
0
0
0
0
0
0
0
0
0
0
0
0
0
0
0
0
0
0
0
0
0
0
0
0
0
0
0
0
0
0
0
0
0
0
0
0
0
0
0
0
0
0
0
0
0
0
0
0
0
0
0
0
0
0
0
0
0
0
0
0
0
0
0
0
0
0
0
0
0
0
0
0
0
0
0
0
0
0
0
0
0
0
0
0
0
0
0
0
0
0
0
0
0
0
0
0
0
0
0
0
0
0
0
0
0
0
0
0
0
0
0
0
0
0
0
0
0
0
0
0
0
0
0
0
0
0
0
0
0
0
0
0
0
0
0
0
0
0
0
0
0
0
0
0
0
0
0
0
0
0
0
0
0
0
0
0
0
0
0
0
0
0
0
0
0
0
0
0
0
0
0
0
0
0
0
0
0
0
0
0
0
0
0
0
0
0
0
0
0
0
0
0
0
0
0
0
0
0
0
0
0
0
0
0
0
0
0
0
0
0
0
0
0
0
0
0
0
0
0
0
0
0
0
0
0
0
0
0
0
0
0
0
0
0
0
0
0
0
0
0
0
0
0
0
0
0
0
0
0
0
0
0
0
0
0
0
0
0
0
0
0
0
0
0
0
0
0
0
0
0
0
0
0
0
0
0
0
0
0
0
0
0
0
0
0
0
0
0
0
0
0
0
0
0
0
0
0
0
0
0
0
0
0
0
0
0
0
0
0
0
0
0
0
0
0
0
0
0
0
0
0
0
0
0
0
0
0
0
0
0
0
0
0
0
0
0
0
0
0
0
0
0
0
0
0
0
0
0
0
0
0
0
0
0
0
0
0
0
0
0
0
0
0
0
0
0
0
0
0
0
0
0
0
0
0
0
0
0
0
0
0
0
0
0
0
0
0
0
0
0
0
0
0
0
0
0
0
0
0
0
0
0
0
0
0
0
0
0
0
0
0
0
0
0
0
0
0
0
0
0
0
0
0
0
0
0
0
0
0
0
0
0
0
0
0
0
0
0
0
0
0
0
0
0
0
0
0
0
0
0
0
0
0
0
0
0
0
0
0
0
0
0
0
0
0
0
0
0
0
0
0
0
0
0
0
0
0
0
0
0
0
0
0
0
0
0
0
0
0
0
0
0
0
0
0
0
0
0
0
0
0
0
0
0
0
0
0
0
0
0
0
0
0
0
0
0
0
0
0
0
0
0
0
0
0
0
0
0
0
0
0
0
0
0
0
0
0
0
0
0
0
0
0
0
0
0
0
0
0
0
0
0
0
0
0
0
0
0
0
0
0
0
0
0
0
0
0
0
0
0
0
0
0
0
0
0
0
0
0
0
0
0
0
0
0
0
0
0
0
0
0
0
0
0
0
0
0
0
0
0
0
0
0
0
0
0
0
0
0
0
0
0
0
0
0
0
0
0
0
0
0
0
0
0
0
0
0
0
0
0
0
0
0
0
0
0
0
0
0
0
0
0
0
0
0
0
0
0
0
0
0
0
0
0
0
0
0
0
0
0
0
0
0
0
0
0
0
0
0
0
0
0
0
0
0
0
0
0
0
0
0
0
0
0
0
0
0
0
0
0
0
0
0
0
0
0
0
0
0
0
0
0
0
0
0
0
0
0
0
0
0
0
0
0
0
0
0
0
0
0
0
0
0
0
0
0
0
0
0
0
0
0
0
0
0
0
0
0
0
0
0
0
0
0
0
0
0
0
0
0
0
0
0
0
0
0
0
0
0
0
0
0
0
0
0
0
0
0
0
0
0
0
0
0
0
0
0
0
0
0
0
0
0
0
0
0
0
0
0
0
0
0
0
0
0
0
0
0
0
0
0
0
0
0
0
0
0
0
0
0
0
0
0
0
0
0
0
0
0
0
0
0
0
0
0
0
0
0
0
0
0
0
0
0
0
0
0
0
0
0
0
0
0
0
0
0
0
0
0
0
0
0
0
0
0
0
0
0
0
0
0
0
0
0
0
0
0
0
0
0
0
0
0
0
0
0
0
0
0
0
0
0
0
0
0
0
0
0
0
0
0
0
0
0
0
0
0
0
0
0
0
0
0
0
0
0
0
0
0
0
0
0
0
0
0
0
0
0
0
0
0
0
0
0
0
0
0
0
0
0
0
0
0
0
0
0
0
0
0
0
0
0
0
0
0
0
0
0
0
0
0
0
0
0
0
0
0
0
0
0
0
0
0
0
0
0
0
0
0
0
0
0
0
0
0
0
0
0
0
0
0
0
0
0
0
0
0
0
0
0
0
0
0
0
0
0
0
0
0
0
0
0
0
0
0
0
0
0
0
0
0
0
0
0
0
0
0
0
0
0
0
0
0
0
0
0
0
0
0
0
0
0
0
0
0
0
0
0
0
0
0
0
0
0
0
0
0
0
0
0
0
0
0
0
0
0
0
0
0
0
0
0
0
0
0
0
0
0
0
0
0
0
0
0
0
0
0
0
0
0
0
0
0
0
0
0
0
0
0
0
0
0
0
0
0
0
0
0
0
0
0
0
0
0
0
0
0
0
0
0
0
0
0
0
0
0
0
0
0
0
0
0
0
0
0
0
0
0
0
0
0
0
0
0
0
0
0
0
0
0
0
0
0
0
0
0
0
0
0
0
0
0
0
0
0
0
0
0
0
0
0
0
0
0
0
0
0
0
0
0
0
0
0
0
0
0
0
0
0
0
0
0
0
0
0
0
0
0
0
0
0
0
0
0
0
0
0
0
0
0
0
0
0
0
0
0
0
0
0
0
0
0
0
0
0
0
0
0
0
0
0
0
0
0
0
0
0
0
0
0
0
0
0
0
0
0
0
0
0
0
0
0
0
0
0
0
0
0
0
0
0
0
0
0
0
0
0
0
0
0
0
0
0
0
0
0
0
0
0
0
0
0
0
0
0
0
0
0
0
0
0
0
0
0
0
0
0
0
0
0
0
0
0
0
0
0
0
0
0
0
0
0
0
0
0
0
0
0
0
0
0
0
0
0
0
0
0
0
0
0
0
0
0
0
0
0
0
0
0
0
0
0
0
0
0
0
0
0
0
0
0
0
0
0
0
0
0
0
0
0
0
0
0
0
0
0
0
0
0
0
0
0
0
0
0
0
0
0
0
0
0
0
0
0
0
0
0
0
0
0
0
0
0
0
0
0
0
0
0
0
0
0
0
0
0
0
0
0
0
0
0
0
0
0
0
0
0
0
0
0
0
0
0
0
0
0
0
0
0
0
0
0
0
0
0
0
0
0
0
0
0
0
0
0
0
0
0
0
0
0
0
0
0
0
0
0
0
0
0
0
0
0
0
0
0
0
0
0
0
0
0
0
0
0
0
0
0
0
0
0
0
0
0
0
0
0
0
0
0
0
0
0
0
0
0
0
0
0
0
0
0
0
0
0
0
0
0
0
0
0
0
0
0
0
0
0
0
0
0
0
0
0
0
0
0
0
0
0
0
0
0
0
0
0
0
0
0
0
0
0
0
0
0
0
0
0
0
0
0
0
0
0
0
0
0
0
0
0
0
0
0
0
0
0
0
0
0
0
0
0
0
0
0
0
0
0
0
0
0
0
0
0
0
0
0
0
0
0
0
0
0
0
0
0
0
0
0
0
0
0
0
0
0
0
0
0
0
0
0
0
0
0
0
0
0
0
0
0
0
0
0
0
0
0
0
0
0
0
0
0
0
0
0
0
0
0
0
0
0
0
0
0
0
0
0
0
0
0
0
0
0
0
0
0
0
0
0
0
0
0
0
0
0
0
0
0
0
0
0
0
0
0
0
0
0
0
0
0
0
0
0
0
0
0
0
0
0
0
0
0
0
0
0
0
0
0
0
0
0
0
0
0
0
0
0
0
0
0
0
0
0
0
0
0
0
0
0
0
0
0
0
0
0
0
0
0
0
0
0
0
0
0
0
0
0
0
0
0
0
0
0
0
0
0
0
0
0
0
0
0
0
0
0
0
0
0
0
0
0
0
0
0
0
0
0
0
0
0
0
0
0
0
0
0
0
0
0
0
0
0
0
0
0
0
0
0
0
0
0
0
0
0
0
0
0
0
0
0
0
0
0
0
0
0
0
0
0
0
0
0
0
0
0
0
0
0
0
0
0
0
0
0
0
0
0
0
0
0
0
0
0
0
0
0
0
0
0
0
0
0
0
0
0
0
0
0
0
0
0
0
0
0
0
0
0
0
0
0
0
0
0
0
0
0
0
0
0
0
0
0
0
0
0
0
0
0
0
0
0
0
0
0
0
0
0
0
0
0
0
0
0
0
0
0
0
0
0
0
0
0
0
0
0
0
0
0
0
0
0
0
0
0
0
0
0
0
0
0
0
0
0
0
0
0
0
0
0
0
0
0
0
0
0
0
0
0
0
0
0
0
0
0
0
0
0
0
0
0
0
0
0
0
0
0
0
0
0
0
0
0
0
0
0
0
0
0
0
0
0
0
0
0
0
0
0
0
0
0
0
0
0
0
0
0
0
0
0
0
0
0
0
0
0
0
0
0
0
0
0
0
0
0
0
0
0
0
0
0
0
0
0
0
0
0
0
0
0
0
0
0
0
0
0
0
0
0
0
0
0
0
0
0
0
0
0
0
0
0
0
0
0
0
0
0
0
0
0
0
0
0
0
0
0
0
0
0
0
0
0
0
0
0
0
0
0
0
0
0
0
0
0
0
0
0
0
0
0
0
0
0
0
0
0
0
0
0
0
0
0
0
0
0
0
0
0
0
0
0
0
0
0
0
0
0
0
0
0
0
0
0
0
0
0
0
0
0
0
0
0
0
0
0
0
0
0
0
0
0
0
0
0
0
0
0
0
0
0
0
0
0
0
0
0
0
0
0
0
0
0
0
0
0
0
0
0
0
0
0
0
0
0
0
0
0
0
0
0
0
0
0
0
0
0
0
0
0
0
0
0
0
0
0
0
0
0
0
0
0
0
0
0
0
0
0
0
0
0
0
0
0
0
0
0
0
0
0
0
0
0
0
0
0
0
0
0
0
0
0
0
0
0
0
0
0
0
0
0
0
0
0
0
0
0
0
0
0
0
0
0
0
0
0
0
0
0
0
0
0
0
0
0
0
0
0
0
0
0
0
0
0
0
0
0
0
0
0
0
0
0
0
0
0
0
0
0
0
0
0
0
0
0
0
0
0
0
0
0
0
0
0
0
0
0
0
0
0
0
0
0
0
0
0
0
0
0
0
0
0
0
0
0
0
0
0
0
0
0
0
0
0
0
0
0
0
0
0
0
0
0
0
0
0
0
0
0
0
0
0
0
0
0
0
0
0
0
0
0
0
0
0
0
0
0
0
0
0
0
0
0
0
0
0
0
0
0
0
0
0
0
0
0
0
0
0
0
0
0
0
0
0
0
0
0
0
0
0
0
0
0
0
0
0
0
0
0
0
0
0
0
0
0
0
0
0
0
0
0
0
0
0
0
0
0
0
0
0
0
0
0
0
0
0
0
0
0
0
0
0
0
0
0
0
0
0
0
0
0
0
0
0
0
0
0
0
0
0
0
0
0
0
0
0
0
0
0
0
0
0
0
0
0
0
0
0
0
0
0
0
0
0
0
0
0
0
0
0
0
0
0
0
0
0
0
0
0
0
0
0
0
0
0
0
0
0
0
0
0
0
0
0
0
0
0
0
0
0
0
0
0
0
0
0
0
0
0
0
0
0
0
0
0
0
0
0
0
0
0
0
0
0
0
0
0
0
0
0
0
0
0
0
0
0
0
0
0
0
0
0
0
0
0
0
0
0
0
0
0
0
0
0
0
0
0
0
0
0
0
0
0
0
0
0
0
0
0
0
0
0
0
0
0
0
0
0
0
0
0
0
0
0
0
0
0
0
0
0
0
0
0
0
0
0
0
0
0
0
0
0
0
0
