-320  0  6.008648E-6  0  3.536475E-8  458.4445
-315  0  7.433303E-6  0  4.83371E-8  457.3524
-310  0  9.376596E-6  0  7.269639E-8  456.2656
-305  0  1.199307E-5  0  1.03496E-7  455.1839
-300  0  1.504604E-5  0  1.398421E-7  454.1073
-295  0  1.842394E-5  0  1.966179E-7  453.0358
-290  7.173631E-7  2.322572E-5  0  3.014682E-7  451.9694
-285  9.109684E-6  3.226936E-5  0  4.663434E-7  450.9079
-280  2.557667E-5  4.864833E-5  0  6.646421E-7  449.8515
-275  2.345406E-5  7.296585E-5  0  9.062612E-7  448.7999
-270  4.088841E-6  0.0001024908  0  1.319477E-6  447.7533
-265  0  0.0001342816  0  2.052812E-6  446.7116
-260  0  0.0001691085  0  3.111256E-6  445.6746
-255  0  0.0002110569  0  5.074818E-6  444.6425
-250  0  0.0002639406  0  9.033561E-6  443.6152
-245  0  0.0003310603  0  1.442443E-5  442.5926
-240  0  0.0004191282  0  2.099082E-5  441.5747
-235  0  0.0005397745  0  3.155765E-5  440.5614
-230  0  0.000705653  0  5.240673E-5  439.5528
-225  5.740746E-6  0.0009227187  0  9.126244E-5  438.5489
-220  7.572197E-5  0.001178915  0  0.0001487124  437.5495
-215  0.0002329208  0.001436376  0  0.0002260345  436.5546
-210  0.0002644612  0.001644874  0  0.0003435704  435.5642
-205  0.0006486239  0.00178268  0  0.0005320495  434.5784
-200  0.001079682  0.001904082  0.0004860484  0.0007983801  433.597
-195  0.001433369  0.002162799  0.0006930404  0.001140453  432.62
-190  0.001722263  0.00278818  0.002425232  0.001619936  431.6474
-185  0.002960365  0.004003033  0.004788728  0.002366224  430.6791
-180  0.005287967  0.005894695  0.001913305  0.00346893  429.7152
-175  0.009553283  0.00828974  0.004293795  0.004867272  428.7556
-170  0.0114335  0.0107254  0.005571444  0.006495393  427.8003
-165  0.0111761  0.01261901  0.01151731  0.008552535  426.8492
-160  0.01062519  0.01363273  0.01397553  0.01139291  425.9024
-155  0.01179219  0.01399458  0.0191511  0.01515293  424.9597
-150  0.01325174  0.01442239  0.02392691  0.0196751  424.0212
-145  0.01535569  0.01564523  0.02829878  0.02499664  423.0868
-140  0.02128177  0.01804702  0.03742748  0.03157314  422.1566
-135  0.02980675  0.02185072  0.04467474  0.03965675  421.2304
-130  0.03839781  0.02747873  0.06003371  0.04876301  420.3083
-125  0.05099405  0.03541473  0.06517006  0.05847346  419.3902
-120  0.05821948  0.04554516  0.08210986  0.06962519  418.4761
-115  0.06186666  0.05655075  0.09628181  0.08365663  417.566
-110  0.05773209  0.06590481  0.1142922  0.1008346  416.6598
-105  0.06329362  0.07095092  0.1417659  0.1200332  415.7576
-100  0.0648263  0.07114552  0.1647463  0.1404379  414.8593
-95  0.07296449  0.07020497  0.1944611  0.16252  413.9648
-90  0.09325429  0.07584845  0.2226294  0.1875711  413.0742
-85  0.1341443  0.0962257  0.2541924  0.2171952  412.1874
-80  0.1795841  0.1350615  0.2793873  0.25255  411.3044
-75  0.2294801  0.1886503  0.3119121  0.2929233  410.4252
-70  0.2640693  0.246432  0.35206  0.335255  409.5497
-65  0.2823591  0.2952162  0.379169  0.3765308  408.678
-60  0.288734  0.3256176  0.4295772  0.417163  407.8099
-55  0.2952627  0.3372649  0.4681984  0.4615984  406.9456
-50  0.2995143  0.338838  0.5247328  0.5133177  406.0849
-45  0.3196953  0.3423007  0.5615589  0.5687342  405.2278
-40  0.3428867  0.3561131  0.6204814  0.6180313  404.3744
-35  0.3877075  0.3840043  0.6717179  0.6544235  403.5245
-30  0.444793  0.4297204  0.7133705  0.6826749  402.6782
-25  0.5264665  0.500075  0.7488685  0.7147645  401.8354
-20  0.6776357  0.6005117  0.8161726  0.7576207  400.9962
-15  0.7994902  0.7265714  0.8289055  0.8081812  400.1604
-10  0.9441937  0.8580316  0.8784309  0.8577596  399.3282
-5  1  0.9607508  0.9194025  0.8975538  398.4994
0  0.9988588  1  0.9334946  0.924462  397.674
5  0.8993212  0.9607508  0.9730975  0.9445789  396.852
10  0.7567221  0.8580316  0.983927  0.9666313  396.0334
15  0.6412965  0.7265714  0.9989849  0.9893933  395.2182
20  0.5478035  0.6005117  0.9905157  1  394.4064
25  0.4424877  0.500075  1  0.9859126  393.5979
30  0.4092902  0.4297204  0.973562  0.9458691  392.7926
35  0.3807346  0.3840043  0.9458637  0.8920905  391.9907
40  0.3680595  0.3561131  0.8879197  0.8415457  391.192
45  0.3614055  0.3423007  0.849635  0.8001348  390.3966
50  0.3688869  0.338838  0.7888147  0.758094  389.6044
55  0.3408436  0.3372649  0.7260045  0.7029881  388.8154
60  0.3245025  0.3256176  0.6525928  0.6314339  388.0297
65  0.2797179  0.2952162  0.5767043  0.5487418  387.247
70  0.2292938  0.246432  0.4981795  0.4645571  386.4676
75  0.175542  0.1886503  0.4292537  0.3887921  385.6912
80  0.1249985  0.1350615  0.3630347  0.3261406  384.918
85  0.0902901  0.0962257  0.3018595  0.273883  384.1479
90  0.07455791  0.07584845  0.2389287  0.2266938  383.3808
95  0.07478494  0.07020497  0.1902957  0.1821626  382.6168
100  0.07331174  0.07114552  0.1472387  0.1413207  381.8558
105  0.07838706  0.07095092  0.1113441  0.1061443  381.0979
110  0.07690222  0.06590481  0.08505869  0.07772019  380.343
115  0.07047075  0.05655075  0.06722796  0.05583882  379.591
120  0.05910093  0.04554516  0.04590454  0.03943711  378.842
125  0.04798651  0.03541473  0.03469825  0.02726043  378.096
130  0.03532058  0.02747873  0.02459067  0.01830778  377.3529
135  0.02719316  0.02185072  0.01526087  0.01190201  376.6127
140  0.02188048  0.01804702  0.009585903  0.007540548  375.8754
145  0.01683825  0.01564523  0.006009899  0.004730215  375.141
150  0.01637755  0.01442239  0.003461557  0.002965746  374.4095
155  0.01825595  0.01399458  0.001187707  0.001835915  373.6808
160  0.02024902  0.01363273  0  0.001096735  372.9549
165  0.02060062  0.01261901  0  0.000628261  372.2319
170  0.01826752  0.0107254  0  0.0003527568  371.5116
175  0.01340216  0.00828974  0  0.00020019  370.7941
180  0.008610459  0.005894695  0  0.0001152895  370.0794
185  0.005013705  0.004003033  0  6.567135E-5  369.3675
190  0.003350973  0.00278818  0  3.621161E-5  368.6583
195  0.002793581  0.002162799  0  1.946211E-5  367.9518
200  0.002666405  0.001904082  0  1.046964E-5  367.248
205  0.002837083  0.00178268  0  5.74759E-6  366.5468
210  0.002485768  0.001644874  0  3.24118E-6  365.8484
215  0.002345753  0.001436376  0  1.878255E-6  365.1526
220  0.001612507  0.001178915  0  1.09601E-6  364.4595
225  0.001123946  0.0009227187  0  6.208268E-7  363.769
230  0.0009077349  0.000705653  0  3.48018E-7  363.0811
235  0.0004856098  0.0005397745  0  2.119063E-7  362.3957
240  0.0003435561  0.0004191282  0  1.511315E-7  361.713
245  0.0003442286  0.0003310603  0  1.168247E-7  361.0329
250  0.0002674453  0.0002639406  0  8.961831E-8  360.3553
255  0.0001856187  0.0002110569  0  6.512939E-8  359.6802
260  0.0001075611  0.0001691085  0  4.702157E-8  359.0077
265  0.0001338885  0.0001342816  0  3.535941E-8  358.3376
270  0.0001520294  0.0001024908  0  2.893606E-8  357.6701
275  4.3781E-5  7.296585E-5  0  2.495087E-8  357.005
280  2.650919E-5  4.864833E-5  0  2.264491E-8  356.3425
285  8.496616E-6  3.226936E-5  0  2.120158E-8  355.6823
290  2.13574E-5  2.322572E-5  0  2.113528E-8  355.0246
295  8.356776E-6  1.842394E-5  0  2.176183E-8  354.3694
300  1.414843E-5  1.504604E-5  0  2.342109E-8  353.7165
305  3.513807E-6  1.199307E-5  0  2.770034E-8  353.0661
310  7.308736E-6  9.376596E-6  0  3.650216E-8  352.418
315  0  7.433303E-6  0  4.77473E-8  351.7723
